   6.2196531e-02
   1.7116759e-01
   1.5340958e-01
   1.4497772e-01
  -8.5571324e-02
   3.3446273e-01
   3.2544357e-01
  -5.1661400e-02
   4.8925324e-01
  -1.6503242e-02
   3.3530626e-01
   6.3545102e-01
   6.4062451e-01
   9.1250990e-01
   4.0265843e-01
   8.3602419e-01
   3.3217935e-02
   5.9766104e-01
   1.4297783e-01
  -1.6482734e-01
   8.9966770e-02
   3.3371023e-01
   4.7462394e-02
   1.0185157e+00
   8.0518499e-01
   4.8250538e-01
   5.1743568e-02
   4.8427330e-02
  -9.8935963e-01
   2.5346447e-01
   1.0146292e+00
   8.6928725e-02
   1.3895531e-01
  -7.8687821e-01
   8.6347471e-01
  -1.1497796e-01
  -1.0119945e-01
  -1.2885879e-01
  -3.2247713e-02
   8.8792784e-02
   1.3940634e-01
  -7.3500266e-02
   3.2388219e-01
   1.4504365e-01
   9.7351469e-02
  -7.0622365e-02
  -1.6525910e-01
   2.2360224e-01
  -1.0048976e-01
   1.0522998e-01
  -1.0470454e-01
   1.1575340e-01
   6.0252387e-03
  -1.5812433e-02
   4.6473934e-02
  -3.9484497e-02
   7.2527523e-02
   2.1697291e-02
  -1.0993751e-01
   9.9258652e-02
   1.1295366e-01
   9.6283856e-02
   2.4207179e-02
   1.4455836e-01
   7.4589116e-02
   1.2193132e-01
   1.6133979e-01
   5.0625517e-02
   8.5285304e-02
  -1.4599822e-01
  -2.7722853e-03
   1.1357615e-01
   1.8521603e-01
   1.2789008e-01
   3.1309646e-02
   1.2865573e-01
   5.7175816e-02
   9.3494248e-02
   6.3273740e-02
   1.1576214e-01
