   1.9723508e-01
  -7.7808728e-01
   9.8368477e-01
   2.5320437e-01
  -8.7243825e-01
   4.9806093e-01
   4.0797728e-01
   3.3406678e-01
  -2.8936958e-01
  -8.3123791e-02
   2.0844343e-02
   1.6649798e-01
   3.0032125e-01
   1.7527732e-01
   5.5045915e-01
  -1.9130925e-01
  -7.0265578e-01
   1.8242586e-01
  -4.7038635e-02
  -3.2522495e+00
  -5.4146705e-01
  -2.9492041e-01
   8.3991546e-02
  -1.7519065e-01
   1.1743195e-02
  -7.2915172e-03
   1.9284310e-01
  -2.8007983e-01
  -1.8737332e-01
   9.0492324e-03
  -6.1108080e-01
   1.4211232e-02
  -3.5448537e-01
  -3.3031895e-02
  -1.4966381e-01
   1.8320321e-01
   8.4736550e-02
   4.9772024e-01
   3.5913698e-01
  -9.5569359e-01
   1.3282975e-01
  -9.5674698e-01
   3.2082994e-02
   1.1893804e-01
  -2.0277278e-02
  -1.1184639e+00
  -7.9603482e-02
  -7.1930448e-02
  -3.5491294e-02
  -3.6002418e-01
  -1.7667845e-01
  -7.1343901e-02
  -2.5383384e-01
  -5.9420137e-03
   3.1144042e-01
  -9.0528272e-02
  -5.3676541e-02
   1.0066562e-01
   2.1597071e-01
   1.2692548e-01
  -4.6079843e-03
  -1.3116242e-01
   7.0928254e-02
   6.9090040e-02
   1.7567261e-01
   2.0596670e-01
  -4.0763383e-01
   1.6892373e-01
  -1.0301692e-02
   4.4596532e-02
  -3.6078196e-01
   1.1827818e-01
  -1.1512435e+00
   4.9500489e-02
  -3.4293582e-01
   6.9427550e-03
  -4.0919343e-01
   2.0338028e-01
   1.9442210e-01
  -5.7669397e-01
  -1.0588404e-01
  -5.4163890e-01
  -3.0560244e-01
  -1.4352853e+00
  -8.7621712e-02
   2.5689277e-01
  -3.1151958e-02
   5.5848955e-02
   3.6097846e-01
  -3.3771041e-01
  -1.6240527e-01
  -8.6757268e-02
   2.8652092e-01
   4.9185731e-01
   4.6978916e-01
   1.7948158e-01
   4.2243602e-01
   6.5783092e-01
   6.5552961e-01
   7.9075792e-01
   7.8274372e-01
   8.8937438e-01
   5.6715043e-01
   8.7961335e-01
   5.7085319e-01
   3.7008985e-01
   5.1017094e-01
   5.1466618e-01
   9.1257608e-01
   8.3717627e-01
   9.0587791e-01
   9.6259266e-01
   8.9149213e-01
   8.1445531e-01
   9.1168987e-01
   8.7657927e-01
   5.6143000e-01
   2.4672927e-01
   2.3145616e-01
