   1.2047823e-01
   1.6151818e-01
   3.0845095e-01
   1.1036983e+00
   1.0270144e+00
   1.8064578e+00
   1.2160751e+00
   6.5183793e-01
   4.9008016e-01
   2.2550405e-01
   1.1188108e+00
   9.9203674e-01
   9.0230267e-01
   8.2975550e-01
   9.3961920e-01
   1.0869560e+00
   9.8338031e-01
   8.7302146e-01
   9.0350659e-01
   9.9172886e-01
   1.2053591e+00
   8.0345646e-01
   8.3243231e-01
   1.1457624e+00
   2.1069269e+00
   8.8159658e-01
   9.2144802e-01
   9.1463337e-01
   1.0470149e+00
   1.1615603e+00
   9.4680541e-01
   1.1611448e+00
   1.1412063e+00
   1.6622508e+00
   1.0467244e+00
   1.0077965e+00
   1.3212282e+00
   7.4069805e-01
   1.0793902e+00
   8.5421695e-01
   1.3642472e+00
   1.4122719e+00
   1.0970520e+00
   9.5626102e-01
   1.0746611e+00
   1.1156335e+00
   1.2260169e+00
   1.2913976e+00
   8.3737175e-01
   1.0693044e+00
   1.0108469e+00
   8.6865690e-01
   8.3162194e-01
   1.0042973e+00
   1.2748496e+00
   9.6973610e-01
   1.0541431e+00
   4.0052305e-01
   1.3275421e+00
   8.4581927e-01
   1.1140645e+00
   1.0436569e+00
   9.4271175e-01
   5.1985003e-01
   2.2213949e-01
   2.9488957e-01
   4.1516743e-01
   2.3415200e-01
   1.7523124e-01
  -4.6961944e-01
   7.1289105e-02
   2.4582072e-01
   1.6501270e-01
   1.1872705e-01
   1.5441558e-01
   2.3229288e-01
   1.1998676e-01
   2.3952689e-01
   1.7269076e-01
   3.5122361e-01
   1.4287875e-01
   5.1021113e-01
   1.4051578e-01
   2.6531239e-01
   1.4160881e-02
   1.5068498e-01
   6.0261450e+00
   2.9249273e+00
   4.2487405e-01
   2.4437968e-01
  -7.6675129e-02
   1.3171149e-01
   2.5117911e-01
   2.8784623e-01
   2.3819134e-01
   1.8123592e-01
   2.7849514e-01
   2.8762501e-01
   2.1927121e-01
