   2.1302234e-01
   3.4884938e-01
  -8.3996560e-03
   1.5458915e-01
   1.4769502e-01
   4.0030209e-01
   1.8205172e-01
   1.5745832e-01
   2.4467094e-02
   1.4367485e-01
   4.4469442e-02
   7.7166978e-02
   2.4169256e-01
   1.2532922e-01
   2.0516312e-01
   1.9590249e-01
   1.0078198e-01
   1.3022153e-02
   1.0240775e-02
   2.1347493e-01
   1.3987184e-01
   2.3146368e-01
   1.2332699e-01
   1.9683176e-01
   7.7944826e-02
   1.2963053e-01
   1.3882915e-01
   2.0813905e-01
   1.3372197e-01
   1.1351073e-01
   4.0683943e-01
   5.4482073e-01
   7.1689422e-01
   6.5042942e-01
   7.7112329e-01
   6.6207814e-01
   7.9060605e-01
   5.4575461e-01
   6.9310521e-01
   4.5397264e-01
