  -2.0136201e-02
   1.1207041e+00
   6.3859672e-01
   4.2654137e-01
  -2.3771709e+00
   1.0220708e+00
  -9.5319401e-01
   3.9653987e-01
   3.5254014e-01
   3.1781340e-01
  -6.9429123e-01
   1.1783681e+00
   5.8804366e-02
   2.3953848e-01
   1.8878913e+00
  -6.1837062e-02
  -1.1807310e+00
   1.2433553e-01
   2.3576186e-01
  -7.6959636e-01
  -5.6271794e-01
   1.3721921e-01
   5.9113460e-02
  -2.7288994e-01
   3.9517854e-01
   1.3358796e-01
   3.1519594e-01
   1.9419818e-02
   5.4536648e-02
   3.6983473e-01
  -9.4373616e-01
   2.8175582e-01
  -1.2671705e+00
   1.4751577e-01
   2.8309117e-01
   4.2491238e-01
   2.7364364e-01
   2.2017849e-01
   3.1967216e-01
   8.5461866e-01
   9.1451684e-01
  -2.3523580e-01
   9.5955849e-01
   2.4593072e-01
   1.0840719e+00
   5.7783963e-01
   1.0960656e+00
   1.1062764e+00
   1.1107417e+00
   8.9953366e-01
   9.4723267e-01
   1.1495057e+00
   1.0187252e+00
   9.5748371e-01
   1.3680405e+00
   1.0348083e+00
   1.0243319e+00
   1.0360352e+00
   9.9291450e-01
   1.1523524e+00
   8.2279443e-01
   9.3663015e-01
   1.0839924e+00
   7.8343601e-01
   6.6375620e-01
   8.8249700e-01
   1.0319199e+00
   1.8109350e-01
   2.4994549e-01
   2.1083798e-01
  -4.0882875e-02
   3.5341556e-01
  -5.2722718e-01
   4.1379650e-02
   2.5158806e-01
   2.1149964e-01
   1.1278049e-01
   2.0085076e-01
   1.7651949e-01
  -1.3636516e-01
   1.0328930e-01
  -1.9191883e-01
   2.1378137e-02
  -3.7064670e-01
   3.7993931e-01
   3.1794538e-01
   1.0486687e-01
   2.0890870e-01
   2.7880256e-01
  -6.5301200e-02
