   7.6362036e-01
   8.3753055e-01
   8.8531652e-01
   7.3660360e-01
   8.2538271e-01
   9.9982041e-01
   9.7138605e-01
   7.8391971e-01
   8.9439315e-01
   6.6024219e-01
   7.9396946e-01
   1.0334418e+00
   8.6960267e-01
   8.4054708e-01
   8.6580814e-01
   9.0126348e-01
   8.7810155e-01
   1.0198829e+00
   8.7139038e-01
   1.0208294e+00
   8.4178376e-01
   9.3097146e-01
   8.1554131e-01
   8.1133150e-01
   3.6640816e-01
   3.3264400e-01
   4.8256569e-01
   2.0922642e-01
   4.6072546e-01
   3.8935573e-01
   1.2980609e-01
   4.5536105e-02
   1.9270250e-01
   2.0708528e-01
   3.1735663e-01
   4.0568039e-01
  -1.1285154e-01
   1.8848975e-01
   2.0708104e-01
  -5.5348910e-02
