   6.6617403e-01
   6.8491069e-01
   5.2168905e-01
   7.2272550e-01
   6.1746699e-01
   6.2146083e-01
   5.8569329e-01
   6.3153822e-01
   6.9970298e-01
   6.0327322e-01
   6.1238048e-01
   7.7618532e-01
   4.8898026e-01
   2.5416566e-01
   2.5127672e-01
   2.7027446e-01
   1.7120655e-01
   2.7550120e-01
   3.0808570e-01
   2.3561874e-01
   3.2722364e-01
   1.7430943e-01
   1.3405098e-01
   3.5644437e-01
   1.1311927e-01
   3.1766927e-01
   2.1379925e-01
   9.0996939e-02
   1.6861507e-01
   1.1302964e-01
   2.8540153e-01
   2.0965085e-01
   4.0410526e-01
   2.3754972e-01
   7.1224397e-03
   4.4474677e-01
   2.4600105e-01
   2.9224778e-01
   9.5657088e-02
   8.2523134e-02
   1.2035414e-01
   3.4384591e-02
   1.7892919e-01
   3.5119368e-01
   3.2270921e-01
   3.6623161e-01
   1.4748756e-01
   1.8663235e-01
   1.7263090e-01
   1.4110601e-01
