   1.6175836e-01
   3.3489775e-01
   1.2152437e-01
   2.1540053e-01
   3.4302657e-01
  -4.5415659e-01
  -5.0437567e-02
   2.6726841e-01
   3.3488183e-01
   2.2930167e-01
   3.6884346e-01
  -2.1435741e+00
   1.2965240e-01
   9.6899224e-01
   9.6566229e-01
   1.1723100e+00
   9.9671550e-01
  -5.8782735e-01
   7.4337428e-01
   1.3558906e+00
   1.4044734e+00
   1.0520785e+00
   1.0524749e+00
   1.1137431e+00
   9.6108275e-01
   1.5458664e+00
   1.5182002e+00
   9.6494120e-01
   1.1208985e+00
   9.2092259e-01
   8.3998916e-01
   1.3878068e+00
   7.8627067e-01
   1.0799609e+00
   8.3579339e-01
   8.3192192e-01
   9.3817074e-01
   9.1882814e-01
   9.7404403e-01
   9.3741726e-01
   8.2035854e-01
   1.0001128e+00
   8.8218760e-01
   8.4535266e-01
   9.2823406e-01
   9.0741424e-01
   1.0727880e+00
   9.3878099e-01
   8.7522318e-01
   8.8792816e-01
   8.1892661e-01
