   5.2730573e-01
   8.1533867e-01
   9.2036729e-01
   5.6013377e-01
   4.7899769e-01
   5.0850908e-01
   1.1693507e+00
   1.3465961e+00
   8.9694660e-01
   9.5351384e-01
   8.8755251e-01
   7.1322997e-01
   7.2969505e-01
   8.2826672e-01
   8.7051724e-01
   9.8450385e-01
   1.0730315e+00
   8.4664450e-01
   8.0877748e-01
   9.2671531e-01
   6.8391501e-01
   8.9744042e-01
   8.8994408e-01
   1.0361348e+00
   9.5176980e-01
   9.5748282e-01
   9.4728805e-01
   8.1570371e-01
   7.0009344e-01
   4.9015799e-01
   6.7340814e-01
   8.1597576e-01
   7.9977770e-01
   9.2594651e-01
   8.0231134e-01
   8.8515466e-01
   1.0091702e+00
   4.8356829e-01
   3.0624340e-01
   3.2620618e-01
   9.1569366e-02
   2.7393491e-01
   1.8491552e-01
   1.1233896e-01
   1.3753792e-01
   3.5759579e-01
   7.9520003e-01
   7.0045915e-01
   7.4033011e-01
   5.7228778e-01
   4.4659164e-01
   7.1104473e-01
   1.2482235e+00
   8.6215717e-01
   9.0731680e-01
   8.2295766e-02
   7.9824920e-01
   6.2840168e-01
   9.7871715e-01
   7.5731520e-01
   6.6043404e-01
   8.3528362e-01
   1.0248350e+00
   7.2516755e-01
   6.8835512e-01
   1.5447944e+00
   8.1277115e-01
   1.0212817e+00
   1.0061096e+00
   6.8739008e-01
  -7.1275707e-02
   1.2036872e-01
   8.6567375e-01
   1.1050244e+00
   1.4653576e-01
  -2.6088824e-01
   9.5085548e-01
