   7.6406401e-01
   7.7481497e-01
   9.5809779e-01
   9.1188179e-01
   8.4654373e-01
   8.9485089e-01
   9.1570591e-01
   1.0159505e+00
  -1.2344973e-01
   6.3955822e-01
   4.6744726e-02
   2.5031476e-01
   3.4725063e-01
  -1.5070396e-01
   4.3075631e-01
   9.3795192e-01
   6.5897674e-02
   3.7784286e-01
  -8.1455293e-02
   1.4216071e-01
   2.0297578e-01
   4.8341116e-02
   5.2684353e-01
   2.2911580e-01
   8.1848110e-01
   8.1151310e-01
   8.5267107e-01
   9.2180843e-01
   5.4131942e-01
   4.7759443e-01
   1.2567679e-01
   8.7256515e-01
   9.3782701e-01
   8.7270061e-01
   9.5532983e-01
   9.5628112e-01
   9.3402271e-01
   1.0184027e+00
   9.8710160e-01
   7.4440960e-01
   9.4365608e-01
   1.0636944e+00
   9.9748967e-01
   9.5321834e-01
   8.8634064e-01
   1.0777586e+00
   9.8494516e-01
   9.6131876e-01
   9.4633284e-01
   5.8263732e-01
   4.2358766e-02
   9.4059627e-02
   1.1510279e-01
   3.1683164e-02
   1.0090395e-02
   1.9452508e-02
   1.6392499e-01
   5.1618108e-02
   4.5805833e-02
  -2.8821978e-01
  -1.2522072e-01
  -4.3419430e-01
   7.5785817e-02
   1.6008806e-01
  -1.2197412e-01
   1.2597822e-01
   7.2881183e-02
   8.8107389e-02
   1.2283821e-01
   2.3294195e-01
   1.6628867e-01
   1.7747144e-02
   1.2574574e-02
   1.2702911e-01
   1.2034708e-01
   1.2878002e-01
   2.0462729e-01
   2.8434929e-01
   2.3468201e-01
   5.0047548e-02
  -8.4242668e-02
   2.0729428e-01
   7.2031430e-02
   3.1695409e-02
   2.8273734e-01
   1.2787168e-01
   8.7475324e-02
