   1.7589247e-01
   2.1859782e-02
   2.7739420e-01
   2.6734631e-01
   1.7534547e-01
   1.1715876e-01
   1.9496690e-01
   9.2662996e-02
  -2.8038018e-02
   2.0879320e-01
   2.5730915e-02
   5.4382646e-02
   1.6447819e-01
   1.4979499e-01
   4.3901660e-02
  -8.5283422e-02
   1.2061458e-01
   1.2924585e-01
   5.7178636e-02
  -9.9190823e-02
  -7.6505686e-02
   1.8748775e-01
   1.2136437e-03
  -5.6143174e-02
   5.8349769e-02
   1.2765851e-02
  -5.5453974e-02
   1.3336319e-01
   1.2804083e-01
   4.7277707e-02
   9.7717509e-02
   9.4050685e-02
  -4.5825688e-02
  -4.2174078e-02
  -1.5996458e-03
   1.8175611e-01
   1.6744674e-01
   1.6387939e-01
   2.2437447e-01
   1.0216528e-01
  -2.3178775e-01
   8.1526835e-02
  -2.4710617e-02
   8.3993625e-02
  -1.3619358e-01
   1.1242525e-01
  -2.3805740e-02
  -5.4956478e-02
