   2.3979716e-01
   4.5221282e-01
   4.7768795e-01
   3.9172082e-01
   5.9684148e-01
   6.0814803e-01
   6.0237804e-01
   5.6077094e-01
   5.7692527e-01
   7.3792848e-01
   4.8197164e-01
   7.6623473e-01
   6.0012617e-01
   5.8575322e-01
   5.7009869e-01
   6.1189940e-01
   6.9965704e-01
   8.3324565e-01
   6.2607004e-01
   4.0511399e-01
   2.2273536e-01
   3.0867433e-01
   3.3830028e-01
   1.2700052e-01
   8.9478437e-02
   1.5559370e-01
   1.5360482e-01
   4.4438558e-02
   2.5214011e-01
   9.2898256e-02
