   9.9577324e-01
   1.1087568e+00
   9.0300355e-01
   8.4218792e-01
   8.9713715e-01
   9.2236761e-01
   8.2652744e-01
   8.0255009e-01
   8.6614171e-01
   8.0352991e-01
   9.0406847e-01
   8.9318205e-01
   9.2335403e-01
   9.9037583e-01
   9.4042728e-01
   9.9508988e-01
   9.9020580e-01
   1.2469671e+00
   9.0198462e-01
   8.8723028e-01
   8.8355786e-01
   9.6173698e-01
   9.7039633e-01
   9.4388902e-01
   8.8283260e-01
   1.0126726e+00
   9.8591037e-01
   9.5403943e-01
   8.9113663e-01
   1.0165457e+00
   1.0408211e+00
   8.8042594e-01
   8.4371530e-01
   9.2051251e-01
   9.7011312e-01
   8.4401228e-01
   8.9958511e-01
   1.1252639e+00
   9.8545551e-01
   9.2349920e-01
   8.7099262e-01
   1.1864606e+00
   7.8782224e-01
   9.3973030e-01
   1.1701763e+00
   8.4255380e-01
   1.0499113e+00
   9.1222675e-01
   9.5058382e-01
   8.2529908e-01
   1.3040076e+00
   7.6191244e-01
   1.0060009e+00
   6.9521010e-01
   8.8278433e-01
   1.2165497e+00
   8.6191996e-01
   8.4935245e-01
   8.8274376e-01
   7.6268384e-01
   9.4318961e-01
   1.0129976e+00
   9.1252588e-01
   9.8272915e-01
   9.9082427e-01
   1.0269714e+00
   9.9750136e-01
   9.6049357e-01
   8.9148807e-01
   9.2085042e-01
   9.5834545e-01
   8.8596457e-01
   8.8974194e-01
   9.1019465e-01
   9.3582312e-01
   9.9930392e-01
   9.3885416e-01
   9.6323960e-01
   9.2959878e-01
   8.6360557e-01
   1.0007423e+00
   9.6033331e-01
   8.8751632e-01
   9.5608470e-01
   1.4292427e-03
   1.1532286e-01
   1.5719341e-01
  -1.8214091e-02
