   3.4758829e-01
   6.7838938e-01
   6.0277926e-01
   2.5689945e-01
   3.5058385e-01
   4.9418693e-01
   4.3796499e-01
   2.9911321e-01
   4.6551989e-01
   4.6596841e-01
   2.5764039e-01
   9.8255875e-02
   8.7903350e-02
  -7.7085380e-02
   2.6025245e-01
   2.9049209e-01
  -5.0445780e+00
   3.7369584e-01
   1.4453660e-01
   2.2484207e-01
   1.4881114e-01
   1.9320673e-01
   2.4222724e-01
   1.9146566e-01
   1.4415879e-01
   3.4346671e-01
   1.5799172e-02
   3.8345640e-01
   6.6647259e-01
   8.5739579e-01
   5.8964209e-01
  -1.5015012e-01
   1.2854373e-01
   2.5259567e-01
   1.0077676e-01
   8.1840266e-02
   3.7727934e-01
   9.3510998e-02
   1.4847767e-01
   4.6626499e-01
   1.3787884e-01
   4.9261519e-01
   3.0631135e-01
   5.9834735e-01
   3.5010902e-01
   1.9168404e-01
   7.4178194e-02
  -1.1037420e-01
   2.8312401e-02
  -2.4700791e-01
  -3.6445507e-02
  -1.5456347e-01
   2.3232688e-01
  -2.8709253e-01
   6.5400233e-02
  -1.5939871e-01
   1.6975364e-01
   1.0804005e-01
