   5.9234484e-01
   4.3834549e-01
   5.6571303e-01
   5.0882838e-01
   4.8937405e-01
   6.5268457e-01
   6.1940570e-01
   6.4022373e-01
   5.0726817e-01
   6.5231881e-01
   8.1038685e-01
   5.4765580e-01
   7.2696708e-01
   6.2208517e-01
   5.8659254e-01
   7.7743094e-01
   2.5123754e-01
   4.1184849e-01
   7.2485364e-01
   5.4833693e-01
   6.3055592e-01
   4.5441561e-01
   6.7897731e-01
   8.3281198e-01
   6.6265815e-01
   4.7021334e-01
   5.4153034e-01
   5.4259080e-01
   7.3418308e-01
   6.6477329e-01
   6.6745118e-01
   5.8065891e-01
   6.6102017e-01
   5.8939413e-01
   6.9804759e-01
   6.8376946e-01
   5.2420473e-01
   7.0671952e-01
   5.8407659e-01
   6.9621843e-01
   6.9759319e-01
   5.4904323e-01
   9.8930533e-01
   7.7280840e-01
   6.4080053e-01
   7.2516983e-01
   6.2754076e-01
   6.5360826e-01
   5.6453590e-01
   8.2537256e-01
   4.9034672e-01
   9.6344149e-01
   6.9273069e-01
   9.1936121e-01
   8.3819807e-01
