   9.4074785e-01
   9.4200895e-01
   9.9789341e-01
   9.1908182e-01
   1.0731275e+00
   1.0710407e+00
   9.5719672e-01
   9.6990916e-01
   9.3180093e-01
   9.7435084e-01
   9.5941987e-01
   9.2857821e-01
   1.0243133e+00
   9.4946208e-01
   1.0467026e+00
   9.5868616e-01
   1.0620547e+00
   9.9096024e-01
   1.0487473e+00
   9.7645094e-01
   9.3550740e-01
   1.0105877e+00
   9.7672953e-01
   1.0163687e+00
   9.6423493e-01
   1.0162361e+00
   9.9014063e-01
   9.9517477e-01
   1.0265229e+00
   9.6727501e-01
   9.7738915e-01
   1.0021636e+00
   9.5095682e-01
   9.8846304e-01
   1.0495763e+00
   9.8549279e-01
   1.0474645e+00
   9.7419675e-01
   9.7340816e-01
   1.0032232e+00
   9.8422522e-01
   9.7372426e-01
   9.6568575e-01
   1.0115358e+00
   9.8018281e-01
   9.6726573e-01
   9.1930380e-01
   9.4294905e-01
   9.6860865e-01
   1.0425249e+00
   9.7351336e-01
   1.0397456e+00
   9.9118170e-01
   9.7353223e-01
   1.0322473e+00
   9.5613881e-01
   1.0193154e+00
   9.8833867e-01
   9.9406457e-01
   1.0088486e+00
   9.6756828e-01
   9.9413992e-01
   9.4320215e-01
   9.8492876e-01
   9.5372279e-01
   1.0064695e+00
   1.0355583e+00
   9.8553925e-01
   9.8773477e-01
   9.9551024e-01
   9.9160297e-01
   1.0384017e+00
   9.9967697e-01
   1.0296948e+00
   9.9821100e-01
   9.9522807e-01
   9.9803985e-01
   9.7021674e-01
   1.1189194e+00
   9.7224357e-01
   1.0038842e+00
   9.8702317e-01
   1.0040605e+00
   9.7725185e-01
   9.8118264e-01
   9.8650789e-01
   9.9675987e-01
   1.0398298e+00
   9.9252735e-01
   9.7726783e-01
   9.4080912e-01
   1.0776170e+00
   9.7147875e-01
   9.6537915e-01
   1.0002088e+00
   9.9424364e-01
   9.7903403e-01
   9.6760676e-01
