   2.7606903e-01
   4.4124292e-01
   4.7489249e-01
   4.8793781e-01
   1.0452912e-01
   6.2524214e-01
   5.3008288e-01
   1.6039050e-01
   8.1744211e-01
   3.1195424e-01
   5.7884228e-01
   9.7945386e-01
   1.0719918e+00
   7.4815968e-01
   1.0293038e+00
   1.0581258e+00
   1.0171417e+00
   9.5034088e-01
   8.4280418e-01
   5.3048186e-01
   1.8231013e-01
   2.8495549e-01
  -1.2013268e-01
   5.8593358e-01
   6.7591083e-01
  -1.5213209e-01
   2.2103872e-01
   3.4436421e-01
  -2.8050284e-02
   2.2541628e-01
   1.0585712e-01
   5.1771584e-01
   3.7928832e-01
   4.6942181e-01
   9.4186053e-01
   1.0121137e+00
   1.2731835e+00
   8.1175682e-01
   1.0413272e+00
   7.6562596e-01
   1.0990777e+00
   1.0316528e+00
   9.5666738e-01
   6.7456304e-01
