   4.4099177e-02
  -1.0147474e-02
   7.1340456e-01
   4.1589198e-01
  -1.6707293e-01
   7.5717369e-01
   5.7069483e-01
  -6.1036505e-02
   1.1794803e+00
   6.1181279e-02
   2.4435372e-01
  -3.6048178e-01
  -3.4103579e-01
   3.0048606e-01
   1.6773301e-01
   1.1284384e-01
   3.3284401e-01
   1.4808052e-02
   4.2668526e-01
  -1.9003901e-01
   1.0561005e-01
   2.9534671e-01
   2.0760744e-01
   9.5867112e-01
   6.6550674e-01
  -1.0139746e+00
   9.0708019e-02
   6.1964633e-02
   9.6304264e-02
   2.6722441e-01
   2.3834993e-02
   7.7137705e-01
  -5.9805628e-03
