  -1.6119086e-01
  -6.4075139e-03
   4.5000665e-02
  -1.0597170e-01
   1.4445921e-01
   9.1027044e-02
   1.8622890e-02
  -3.7817569e-02
   4.5103026e-01
   5.7413551e-01
   4.6341239e-01
  -2.7004643e-02
   2.4048313e-01
   9.6453256e-01
   8.5231921e-01
   9.5653339e-01
   9.3568576e-01
   1.0873821e+00
   1.0319822e+00
   9.8839489e-01
   9.0497876e-01
  -8.1339334e-02
  -1.9123872e-01
   2.1967403e-01
   2.3384838e-02
   2.2841597e-01
  -1.2095096e+00
   1.8739043e+00
   1.4886427e+00
   3.1213964e-03
   1.7840277e-01
   1.8088248e-01
   1.6968419e-01
   4.6720800e-01
  -3.2519642e-02
   6.8412091e-02
   2.9047465e-01
   1.3524633e-01
  -1.2150593e-01
  -1.0315171e-01
   4.4004010e-02
  -1.1881025e-01
   9.6934966e-02
  -3.2583435e-01
   2.0610793e-02
   3.7005125e-01
  -4.2327867e-03
   5.3104140e-02
   8.1403529e-01
   8.2516845e-01
   7.6606910e-01
   9.8731181e-01
   9.0141612e-01
   6.9610787e-01
   8.6556102e-01
   8.3288832e-01
   8.6842467e-01
   8.0672170e-01
   6.4428025e-01
   8.3769261e-01
   9.2454346e-01
   8.7513420e-01
   7.5675695e-01
   6.9120434e-01
   8.0891994e-01
