   8.6123697e-01
   7.3939032e-01
   8.5556354e-01
   8.3536178e-01
   7.9084599e-01
   7.5641961e-01
   9.0842431e-01
   7.8007854e-01
   8.3499969e-01
   8.4517192e-01
   6.9701991e-01
   8.8080941e-01
   9.1521180e-01
   1.0212409e+00
   9.9798669e-01
   9.0494450e-01
   9.7292219e-01
   9.1662842e-01
   8.7622148e-01
   8.8808895e-01
   8.3534127e-01
   8.0647617e-01
   6.5979028e-01
   9.2331714e-01
   8.4139071e-01
   8.6597580e-01
   9.4227547e-01
   8.6500788e-01
   8.5365252e-01
   9.1832856e-01
   9.3713639e-01
   9.7116959e-01
