   9.2877832e-01
   9.6000280e-01
   9.3574877e-01
   8.9769240e-01
   1.0843536e+00
   1.1436121e+00
   9.1960022e-01
   7.7079451e-01
   9.9302221e-01
   8.4994681e-01
   9.8089314e-01
   1.0008262e+00
   1.0251559e+00
   9.0004076e-01
   1.1637268e+00
   1.1225815e+00
   8.8147441e-01
   9.2343841e-01
   1.1344295e+00
   9.3422677e-01
   8.0178533e-01
   8.1381599e-01
   1.0558510e+00
   8.1521898e-01
   6.3607781e-01
   1.2670519e+00
   1.1349527e+00
   7.6729756e-01
   9.2727900e-01
   8.4418692e-01
   8.3534981e-01
   7.2634780e-01
   8.5713823e-01
   7.2729232e-01
   9.1664148e-01
   7.5589763e-01
   8.3034351e-01
   8.4671064e-01
   7.5671762e-01
   7.7095754e-01
   8.2224546e-01
   1.0795024e+00
   9.5703230e-01
   8.6764992e-01
   9.2357769e-01
   8.4183486e-01
   7.3837273e-01
   1.0467992e+00
   7.9107847e-01
   7.6596019e-01
   8.2679038e-01
   5.6932320e-01
   2.2738712e-01
   3.4244612e-01
   1.3106348e+00
   6.0768642e-01
   6.5853021e-01
   2.5240082e-01
   3.4004882e-01
   7.9698854e-01
   6.3909674e-01
   6.3880779e-01
   7.4919966e-01
   3.7215591e-01
   3.5498320e-01
   3.8248649e-01
   7.2141977e-01
   6.2738424e-01
   7.1135589e-01
   3.2161618e-01
   7.5395115e-01
   1.0464288e+00
   1.0092055e+00
   1.0514418e+00
   1.5233692e+00
   1.0982757e+00
   7.8159399e-01
   9.0616604e-01
   1.0528457e+00
   1.0131129e+00
   1.0059988e+00
   7.7730982e-01
   6.2152418e-01
   2.6030039e-01
   6.8762138e-01
   8.4107560e-01
   1.1377754e+00
   7.4524057e-01
   7.7404133e-01
   7.3418846e-01
   8.2915008e-01
   7.7805923e-01
   7.2530190e-01
   8.9090855e-01
   4.4041670e-01
   1.0269982e+00
   8.6844069e-01
   9.4251851e-01
   9.5380591e-01
   1.1100145e+00
   9.3295095e-01
   1.0563644e+00
   9.3250566e-01
   1.1139145e+00
   7.8664063e-01
   3.9334722e-01
   6.7880613e-01
   6.3901809e-01
   5.1316237e-01
   8.3659933e-01
   1.9008241e-01
   3.5679838e-01
   3.5613071e-01
   6.1410202e-01
   3.3054321e-02
   1.2256783e-02
