   6.2573904e-01
   6.0592610e-01
   6.7058642e-01
   7.1782684e-01
   6.6114392e-01
   6.4711746e-01
   6.6865223e-01
   7.8860192e-01
   5.8656220e-01
   6.0942193e-01
   7.1473665e-01
   5.6436758e-01
   7.6256259e-01
   5.2581582e-01
   7.1769398e-01
   6.5661065e-01
   5.9961411e-01
   6.5538111e-01
   6.8458064e-01
   6.3360817e-01
   6.8449283e-01
   7.9866727e-01
   6.3079886e-01
   6.8834799e-01
   2.5289140e-01
   6.7874102e-02
   1.9104146e-01
   1.6965550e-01
   2.0039783e-01
   2.8300284e-01
   2.6053884e-01
   2.1247792e-01
   2.2054820e-01
   1.2430244e-01
   3.0424393e-01
   2.8813022e-01
   1.2700923e-01
   2.7849767e-01
   2.7847174e-01
   3.2438161e-01
   9.0265395e-02
   3.2916915e-01
   6.5241535e-02
   3.3623639e-01
   2.6023225e-01
   5.1132352e-02
   2.4813356e-01
   3.5685342e-01
   3.1898016e-01
   1.2199948e-01
   1.0201507e-01
   2.9136868e-01
   4.1391666e-02
  -5.6907645e-02
   1.8841294e-01
  -7.7947420e-02
   1.4762033e-01
  -1.4634651e-01
  -1.9728275e-02
  -7.3575885e-02
   5.7166219e-02
  -4.3791805e-01
   2.9156338e-02
   7.5938687e-02
  -2.6523469e-01
   7.2594972e-02
  -1.1405400e-01
   2.9010706e-01
   3.2958073e-02
   1.9516422e-01
   1.5782873e-01
