   8.1882824e-01
   6.4369575e-01
   8.4818033e-01
   1.2231624e+00
   8.0121791e-01
   7.5313975e-01
   8.2062945e-01
   7.2559682e-01
   1.1696999e+00
   7.0805412e-01
   1.2544656e+00
   6.8088307e-01
   7.5900108e-01
   9.5652218e-01
   1.1378561e+00
   1.0401998e+00
   9.8789686e-01
   9.0461595e-01
   1.2206290e+00
   1.1234814e+00
   8.3121315e-01
   7.9690823e-01
   9.1801632e-01
   8.2119401e-01
   7.9067917e-01
   9.8676378e-01
   9.5004292e-01
   7.6763135e-01
   7.3542710e-01
   7.8870288e-01
   1.0933211e+00
   1.0226978e+00
   8.1465503e-01
   7.0248843e-01
   8.5303709e-01
   1.0418083e+00
   8.0738097e-01
   1.1297375e+00
   1.4512853e+00
   1.0672410e+00
   2.0130908e+00
   6.2908862e-01
   6.9644852e-01
   1.1166075e+00
   8.0187557e-01
   8.6216664e-01
   9.2959164e-01
   9.3006328e-01
   8.6335359e-01
   1.0269936e+00
   8.8215684e-01
   7.1213462e-01
   1.0087419e+00
   5.7883810e-01
   7.6446482e-01
   1.0497029e+00
   1.0191717e+00
   8.4414945e-01
   9.4140964e-01
   6.3437024e-01
   7.9483449e-01
   9.4084151e-01
   1.1825963e+00
   9.8445198e-01
   8.9351622e-01
   9.8655687e-01
   8.1001436e-01
   1.2155366e+00
  -8.6089284e-01
   9.9366374e-01
   1.1273991e+00
   6.8905552e-01
   6.5559904e-01
   7.9368876e-01
