   2.1616758e-01
   5.3961586e-01
   7.2028521e-01
   6.6129183e-01
   8.1483468e-01
   8.3702104e-01
   6.8314093e-01
   6.6108439e-01
   5.6450192e-01
   7.7615024e-01
   8.3468537e-01
   9.2468179e-01
   5.5352710e-01
   7.0411148e-01
   9.4468270e-01
   6.4966994e-01
   6.4404667e-01
   4.6903445e-01
   8.0164338e-01
   5.1517731e-01
   6.4577077e-01
   7.0339582e-01
   9.4342513e-01
   6.8692176e-01
   8.6371804e-01
   6.1882698e-01
   7.5092257e-01
   7.2315485e-01
   8.6603193e-01
   4.1387614e-01
   8.1749648e-01
   6.9505396e-01
   6.8155724e-01
   7.6308898e-01
   5.0660379e-01
   4.7643579e-01
   7.0190114e-01
   6.1662888e-01
   6.0969330e-01
   7.9695618e-01
   6.8941822e-01
   5.5231079e-01
   9.1788989e-01
   7.1195131e-01
   7.0711267e-01
   5.6770376e-01
   7.4786269e-01
   6.1563802e-01
   6.3674668e-01
   8.4953706e-01
   6.4246735e-01
   6.5819569e-01
   6.1673064e-01
   7.5077112e-01
   5.6864159e-01
   7.4420425e-01
   5.1773442e-01
   6.7722931e-01
