   2.3776411e-01
   3.9025362e-01
   4.2937043e-01
   3.5255711e-01
   3.3394293e-01
   4.4379806e-01
   4.8507524e-01
   3.8493372e-01
   3.3460762e-01
   1.8653588e-01
   3.2721458e-01
   2.1027640e-01
   2.2400509e-01
   5.2973513e-01
   3.1344159e-01
   3.0752741e-01
   3.1376646e-01
   2.3058512e-01
   3.7953330e-01
   2.6772890e-01
   3.7949608e-01
   2.5637776e-01
   4.2865013e-01
   3.4193591e-01
   1.9978767e-01
   3.2325033e-01
   3.4778549e-01
   3.1978111e-01
   3.6806189e-01
   3.0129369e-01
   2.9966521e-01
   3.2469066e-01
   1.7648009e-01
   2.5415974e-01
   2.2640036e-01
   2.5195541e-01
   2.3820467e-01
   3.4803143e-01
   2.1186577e-01
   1.7137445e-01
   2.4322786e-01
   2.3906332e-01
   2.7007120e-01
   1.0799432e-01
   1.3078224e-01
   2.0715627e-01
   5.1450868e-02
   3.0469203e-01
  -4.2328773e-02
   1.9223774e-01
   2.9288150e-01
   2.0799022e-01
   1.8493613e-01
   1.2839587e-01
   2.4393195e-01
   3.7081169e-01
   1.2826424e-01
   3.0640578e-01
   2.5809439e-01
   2.7942852e-01
   1.5950927e-01
   2.5107215e-01
   1.9571985e-01
   1.9101334e-01
   3.4534953e-01
   2.0863663e-01
   1.7317255e-01
   1.4283483e-01
   1.1572918e-01
   2.5093831e-01
  -2.7343354e-03
   4.0004793e-01
   2.9047234e-01
   3.7467602e-01
   2.9108273e-01
   2.7679778e-01
   3.3173196e-01
   2.8142593e-01
   4.0067069e-01
