   2.7374644e-01
   2.6924361e-01
   3.2005282e-01
  -2.1837376e-02
  -1.8449156e-01
   2.3916422e-01
   8.5571914e-02
   2.8387285e-01
  -3.5782463e-02
   2.2188102e-01
   1.6151350e-01
   3.3618075e-02
   5.2402335e-02
   1.0896231e-01
   1.0670145e-01
  -8.2945324e-02
  -1.1470381e-01
   6.5116291e-02
   3.9493513e-02
  -3.6473615e-01
  -1.1123818e-01
  -1.1897211e-01
   5.9020552e-03
   8.7530971e-01
   9.1358419e-01
   7.3575269e-01
   5.0913001e-01
   8.3512340e-01
   8.7696079e-01
   7.2141060e-01
  -3.0706396e-01
   1.1086462e-01
   2.4807091e-01
   9.2030753e-02
   8.6831683e-01
   7.9585391e-01
   5.4463118e-01
   7.0056324e-01
   6.0327004e-01
   4.9520412e-01
   5.5654991e-01
