   2.3157186e-01
   2.4624606e-01
   2.1314475e-01
   1.0905131e-01
   1.5626928e-01
   2.3693685e-01
   2.1291626e-01
   1.5058497e-01
   1.8830066e-01
   2.9035530e-02
   2.6181714e-01
   1.4907716e-01
   1.3848107e-01
   1.2101574e-01
   1.4064890e-01
   2.4360454e-01
   7.3614368e-02
   8.6650881e-03
   4.5294956e-02
   1.9662529e-02
   1.3260171e-01
   2.7592205e-01
   6.0500553e-02
   2.3678493e-01
   9.7971613e-02
   8.2946049e-02
  -1.6654986e-01
  -5.1274848e-01
   1.1235514e-01
   1.5456810e-01
   3.1760982e-02
   1.5472825e-01
   9.4160268e-02
   1.2307066e-01
   1.3412845e-01
   9.0124706e-02
   1.8177368e-01
   9.1237465e-02
   5.0341003e-02
   2.1207345e-01
  -1.5150067e-01
   1.1030398e-01
  -1.2081669e-02
   1.6932517e-01
   2.0129151e-01
   1.4268565e-01
   1.9421444e-01
   3.7440965e-02
   1.6059036e-01
   1.5911632e-01
   1.0503694e-01
   9.9818375e-02
   5.4054868e-02
  -1.1813374e-01
   1.4967947e-01
