   5.4169453e-02
   9.0457532e-02
   6.6543260e-02
   1.1187691e-01
   1.4018335e-01
   1.6570677e-01
   2.0810177e-01
   3.8666758e-01
   3.2043971e-02
   2.0956004e-01
   1.6513054e-01
   7.0527340e-02
   1.2958931e-01
  -7.3491984e-02
   2.9011842e-01
   3.1787410e-01
   7.8845226e-01
   7.0101758e-01
   9.0087263e-01
   8.7990811e-01
   1.0619683e+00
   9.9846201e-01
   8.6188859e-01
   8.7944121e-01
   1.1138969e+00
   8.9463351e-01
   8.5449405e-01
   8.5820866e-01
   8.2972068e-01
   6.7127472e-01
   1.0276267e+00
   8.8590740e-01
   8.7623803e-01
   8.5757886e-01
   8.2759284e-01
   8.3470701e-01
   8.1462415e-01
