   1.7661577e-01
   2.1661448e-01
   3.0153313e-01
  -5.6204995e-04
   4.2229462e-02
   1.5202779e-01
   1.2491639e-01
   6.7070495e-02
   1.1442755e-01
   3.2036198e-01
   1.4139973e-01
  -2.2886257e-01
   8.8436058e-02
   1.0484878e-01
   2.0899759e-01
   2.5518686e-01
  -5.7284078e-03
   1.5118244e-01
   2.6201221e-01
   1.9159932e-01
   2.9568393e-01
  -8.3812941e-02
   1.0868610e-01
   2.1899971e-01
   1.3581982e-01
  -1.1171197e-01
   1.0931332e-02
   8.6131944e-02
   2.8021454e-02
   1.0820947e-01
   1.6244055e-01
   1.1161988e-01
   5.4769246e-02
   2.4782889e-01
   1.1166455e-01
   1.2734735e-01
   9.9606860e-02
   3.5476453e-02
   5.4316527e-02
   2.3638627e-01
   3.7370810e-02
