   5.2798933e+00
   7.0748871e-01
   7.2177280e-01
   4.0504754e-01
   5.7530608e-01
   1.0880799e+00
   3.6389502e-01
   1.2561259e-01
   4.5038674e-01
   6.9069061e-01
   4.9746613e-01
   3.9089802e-01
   5.7819907e-01
   4.1784132e-01
   3.7096138e-01
   4.7985482e-01
   5.5230262e-01
   6.0532241e-01
   5.4273438e-01
   5.7676061e-01
   6.7710248e-01
  -3.8856607e-02
   5.0879160e-01
   4.6295702e-01
   7.7117408e-01
   7.0765653e-01
   8.1436709e-01
   7.6240385e-01
   4.4884709e-01
   4.5823943e-01
   4.7266190e-01
   5.8260591e-01
   2.8343049e-01
   5.6565764e-01
   9.1561355e-01
   8.5411567e-01
   1.0696430e-01
   8.7345077e-01
   6.0977625e-01
   6.5382130e-01
   4.2934516e-01
   3.5431172e-01
   6.3754097e-01
   4.5869134e-01
   5.2033851e-01
   9.3297457e-01
   5.8423065e-01
   4.0514979e-01
   6.5959318e-01
   6.6722103e-01
   7.4294803e-01
   6.4609629e-01
   4.7253241e-01
   6.6850341e-01
   6.1493223e-01
   5.7192253e-01
   7.0505204e-01
   4.2315316e-01
   5.5040127e-01
   7.7796647e-01
   7.0789278e-01
   6.0428340e-01
   7.3686548e-01
   7.3822284e-01
   7.6705042e-01
   6.9339681e-01
   7.4945003e-01
  -1.2294643e-01
   1.1696303e-01
   3.0322478e-01
  -2.2088119e-01
   2.5499110e-01
  -8.7452208e-01
   2.7902195e-01
  -9.6288959e-01
  -1.7550613e-01
   3.0032760e-01
  -4.3249376e-02
   5.0939328e-02
   3.0075049e-01
  -2.7717538e-01
   6.9221856e-02
  -2.7609550e-01
   1.3629100e-01
   6.4667073e-01
   5.5333935e-02
  -7.5722665e-01
  -8.2289752e-01
   1.2383402e-01
  -3.4840795e-01
   2.0737224e-01
   1.9853952e-02
   2.9317563e-01
   3.0311544e-02
   3.2117481e-01
  -2.1272522e-02
  -7.3064639e-02
   3.7006770e-02
  -1.5513540e-01
   3.1324142e-01
   2.0727998e-01
   2.5492600e-01
  -9.2781915e-01
   4.3836156e-02
   2.4835652e-01
   2.7198315e-03
   1.9965209e-01
   1.1085209e-01
   9.8555354e-02
   2.2100504e-01
   2.5600599e-01
   2.1007322e-01
   4.6480747e-02
  -4.2522478e-01
   6.6211280e-02
   2.2544757e+01
  -3.7474008e-01
   1.6480901e-01
   1.4161726e-01
   3.3885627e-01
   1.0299292e-01
  -1.5753004e-01
  -1.7471358e-01
   4.0986385e-01
   1.1568922e-01
  -2.2767982e-01
   1.0528218e-01
   4.8016433e-02
   5.8408834e-04
   6.7427162e-03
  -1.2565898e-01
   2.7876444e-01
  -2.0052054e-01
  -2.0898692e-01
   3.6388031e-01
   3.5243866e-01
   1.7879645e-01
  -1.8881303e+00
   6.0006884e-02
  -2.9562977e-02
  -2.3392921e-02
   3.5078650e-01
   7.1276276e-02
  -1.9904882e-01
  -4.1323513e-01
  -2.0468756e+00
   1.7472310e-02
  -1.3762880e-01
   2.7231500e-01
   2.3923616e-01
  -2.9620663e-01
  -3.6743987e-01
  -1.0001859e-01
  -1.8357812e-01
  -5.5936800e-02
   3.0132850e-01
   1.0633193e-02
   3.2436073e-01
  -1.0198333e-01
