   8.5340482e-01
   6.9946370e-01
   1.0016292e+00
   9.5366482e-01
   9.9468180e-01
   9.5078146e-01
   1.0088178e+00
   9.2593993e-01
   1.0220118e+00
   8.9548524e-01
   9.5075304e-01
   9.5545236e-01
   9.6765876e-01
   8.8948139e-01
   8.6975161e-01
   9.2318877e-01
   9.5456388e-01
   9.4219976e-01
   9.6888437e-01
   9.2427007e-01
   9.5641407e-01
   9.3057428e-01
   8.0413258e-01
   8.9863072e-01
   8.5073456e-01
   9.9451804e-01
   9.1280047e-01
   7.9536843e-01
   7.2157143e-01
   6.6880049e-01
   2.8924305e-01
   8.7590562e-01
   8.0104288e-01
   6.1069990e-01
   6.9486131e-01
   5.7073322e-01
   7.5073683e-01
   7.6407002e-01
   7.8692527e-01
   7.4172611e-01
   7.5261664e-01
   7.2661520e-01
   9.1038663e-01
   9.0514951e-01
   8.3179891e-01
