  -1.5299859e-02
   4.5062873e-02
   1.0691503e-01
   1.2891733e-01
   1.2164931e-01
   3.3763444e-02
   1.3131489e-01
   1.4013274e-02
   6.6308438e-02
   7.4786046e-02
  -1.1320262e-01
   1.0525502e-02
   6.0926889e-02
   6.4758842e-02
   8.3913984e-02
   9.5282962e-02
   2.6791604e-01
   1.3384873e-01
   2.8053103e-02
  -4.5455300e-02
   8.5268481e-02
  -9.3062823e-03
   2.1306819e-01
   1.6975187e-01
   1.5489986e-01
   9.2947705e-02
  -1.4131715e-01
   1.3166025e-01
  -6.7932452e-02
  -2.3425425e-01
  -1.9225034e-01
   3.4805231e-02
   8.6200856e-03
   3.0957310e-01
   8.5428612e-02
   9.1365992e-02
   4.4399861e-02
   2.0889297e-01
   2.9118817e-02
  -4.4062997e-02
   1.2014510e-01
  -1.5044482e-01
   2.5131943e-01
