   4.1282831e-02
  -4.8382177e-01
  -6.1155588e-02
   4.9619499e-02
   2.1597125e-01
  -2.1690272e-01
  -4.1606478e-02
   2.4030728e-01
   2.8120891e-01
   1.8665220e-01
   1.2716502e-01
   5.2836382e-02
   1.3286837e-01
   1.7882178e-01
   1.0405464e+00
   1.1326115e+00
   9.5242981e-01
   1.3958610e+00
   6.6576852e-01
   9.6932192e-01
  -9.9770518e-03
   1.6280352e-01
  -2.5547891e-01
   1.1544638e-02
   3.8301581e-02
   8.0761376e-02
   1.0952090e-01
   1.0589725e-01
  -7.1341809e-02
   7.6951682e-02
  -1.8248920e-01
   9.2841511e-02
