   4.4596589e-02
   4.4432391e-01
   5.6323753e-02
   1.4615959e-01
   2.5699621e-01
   1.5674510e-01
   1.2361972e-01
   6.0828830e-02
   9.8567794e-02
  -1.1628531e-01
   1.5391480e-01
  -4.3373370e-01
  -2.9242762e-01
  -7.1258173e-02
   1.7354344e-02
   5.9017521e-01
   5.8965161e-01
   9.2289130e-01
   9.0233607e-01
   7.6807615e-01
   5.8044289e-01
   8.0264598e-01
   2.2382044e-01
   1.5221690e-01
  -2.4890203e-01
   7.6109875e-02
   3.8924081e-01
   2.4031046e-01
   6.1511459e-01
   7.8614573e-01
   7.6238038e-03
   1.2489395e-02
   9.3275491e-02
   3.7628000e-01
  -1.3374754e-01
   1.8824168e-01
   2.6985001e-01
   2.6569943e-01
  -1.5552425e-01
  -3.4639309e-03
   5.1076914e-02
  -1.3109077e-01
   6.2948324e-03
  -3.5511727e-01
   1.0772324e-01
   4.8194241e-02
   2.0204916e-01
   3.3670337e-01
   1.4738389e-01
   5.0581572e-02
   5.9276607e-02
   2.7990821e-01
   1.7240647e-01
   2.6403840e-02
  -1.0863458e-01
  -4.0804875e-01
   3.9145393e-02
   1.2264222e-01
  -2.9639861e-01
   1.7722452e-01
   1.7279900e-01
  -1.3260214e-02
   6.9084756e-02
   1.3222508e-01
   9.1202403e-02
  -1.2194723e-01
  -2.1918768e-02
   1.0681009e-01
   1.1356983e-01
   1.8675749e-01
  -7.2002770e-02
   1.6070320e-01
  -4.2019409e-01
  -2.8145844e-02
  -5.5414934e-01
   2.6948100e-01
   2.0729869e-01
   2.5924118e-01
  -5.2834732e-02
   9.4178284e-02
   2.0832969e-01
   1.2370021e-01
   1.0969555e-02
   1.6016992e-01
  -7.1270803e-01
  -1.4178764e-01
   3.7693564e-02
   3.8665389e-03
   9.2081452e-02
   2.8358370e-01
   1.8580352e-01
   3.0826553e-02
   1.9188691e-02
   1.1829714e-01
  -1.8369301e-01
  -5.4480228e-01
  -1.0621450e-01
   2.1609232e-01
   4.4645382e-02
   3.7806878e-02
  -1.1217761e-01
  -2.9321934e-02
  -5.0245312e-01
   1.2504546e-01
   7.5230075e-02
   1.5448494e-01
   1.4544233e-01
   1.5037209e-01
   5.8580164e-02
   1.2729357e-01
  -2.1638628e-01
   1.6327599e-01
  -2.8864565e-01
