   7.1569778e-01
   6.1739528e-01
   6.6291863e-01
   7.6900029e-01
   6.7850305e-01
   6.8790543e-01
   7.8545882e-01
   6.4539709e-01
   6.2438765e-01
   7.0570618e-01
   9.5374614e-01
   7.0251259e-01
   6.2811365e-01
   6.1293807e-01
   5.8858161e-01
   6.5599367e-01
   6.2567893e-01
   5.5630895e-01
   4.3786652e-01
   6.9576691e-01
   5.3408179e-01
   6.7090831e-01
   5.1650032e-01
   4.9778015e-01
   7.0937366e-01
   6.5034667e-01
   5.0516787e-01
   3.8480390e-01
   4.9291298e-01
   3.7939975e-01
   5.5238943e-01
   7.0952980e-01
   7.3263881e-01
   4.9007447e-01
   8.1544341e-01
   5.8862339e-01
   6.9224468e-01
   6.5958816e-01
   8.8325423e-01
   6.1755193e-01
   6.8250437e-01
   6.2096185e-01
   5.1815360e-01
   7.3894491e-01
