   2.0881628e-01
   4.0744663e-01
   4.7080389e-01
  -6.0164450e-02
   4.3659629e-01
   9.0095247e-02
   3.9992398e-01
   4.6362265e-02
   1.8853125e-01
   4.1751886e+00
  -2.5654003e-01
   1.0619313e+00
   8.1828574e-01
   1.0585846e+00
  -2.2946765e-01
   8.0078725e-01
   1.3065192e+00
   8.3075899e-01
   1.0613733e+00
   9.0623378e-01
   9.1637929e-01
   1.0036343e+00
   9.4237364e-01
   8.8344666e-01
   1.3184400e+00
   1.5421727e+00
   1.0133696e+00
   3.2013975e-01
   1.2391399e+00
   1.4365729e+00
   1.9938168e-01
   1.0088621e+00
   1.3691142e+00
   1.1044396e+00
  -2.3312752e-02
   1.6375420e+00
   8.5568033e-01
   9.7971930e-01
   5.0294319e-01
   8.9417943e-02
   1.7415542e-01
   1.5566135e-01
   1.2514146e+00
   9.6901912e-01
   8.5158575e-01
   8.4516326e-01
   1.0281282e+00
   1.1161492e+00
   9.5603245e-01
   7.3766922e-01
   3.5381143e-01
   1.1869564e+00
   7.4455935e-01
   9.9968219e-01
   1.0321064e+00
   9.7798458e-01
   1.1515269e+00
   1.4866891e+00
   9.8346737e-01
   9.4490483e-01
   1.0538820e+00
  -2.0536868e-02
   1.5272163e-01
  -3.6089032e-01
   3.0748733e-01
   2.6607331e-01
   9.0006349e-01
   9.3116850e-01
   1.1129009e+00
   9.3063715e-01
   1.2613353e+00
   1.1500419e+00
   8.8442127e-01
   1.1191721e+00
   8.7655766e-01
   1.0428615e+00
   6.0885234e-01
   1.1549092e+00
   8.7061252e-01
   9.4566457e-01
   1.1980202e+00
   1.4489488e-01
   1.7285923e-01
  -1.1476900e-01
  -8.9959486e-01
   6.0880647e-02
   5.4921834e-02
   3.0320324e-01
   4.7399590e-02
  -2.8587194e-02
   1.0134938e+00
   1.9146989e-01
  -3.3943829e-02
   1.8398360e-01
   7.8648478e-02
   9.5559974e-01
   9.1734286e-01
   5.0555568e-01
   6.1571988e-02
  -2.0131585e-01
  -9.0916481e-02
  -2.9610439e+00
   4.1908005e-01
  -4.4904411e-01
   1.2313009e-02
  -1.2593648e-01
  -1.0414444e-01
  -2.7474877e-01
  -6.0231024e-02
  -1.6047775e-01
  -2.0226068e-01
  -3.2024737e-01
  -6.8215356e-02
   9.0945743e-03
  -3.5353455e+00
  -5.0288291e-02
   1.4035369e-01
   1.4214991e-01
  -6.2395298e-01
  -1.1061349e-01
   2.2173376e-02
  -3.3472752e-01
   1.1965844e-01
