   1.3380957e-01
   1.9821685e-01
   1.4693043e-01
   1.3546468e-01
   1.3013765e-01
   7.9030062e-02
   2.2443800e-02
   1.3079979e-01
   1.6092335e-01
  -1.2639210e-02
  -7.5541700e-03
   2.2451550e-01
   1.3280565e-01
   2.1719713e-01
   1.0321153e-02
   1.7889430e-01
   1.0637354e-01
   1.0396215e-01
   1.5332182e-01
   1.4282260e-01
   2.2315356e-02
   3.6366534e-02
   1.4377168e-02
   1.5838679e-01
  -2.7066985e-02
   1.9819185e-01
  -2.4857374e-01
   8.4985316e-02
   6.2953832e-02
   1.2895988e-01
