   1.8716961e-01
   2.0320272e-01
   3.9453631e-01
   2.5602103e-01
   1.9701130e-01
   4.1456759e-01
   2.4331984e-01
   2.5448845e-01
   2.8099468e-01
   2.5546554e-01
   1.9135733e-01
   7.3318385e-02
   1.4464026e-01
   1.9678152e-01
   1.1940546e-01
   2.6264622e-01
   1.8209897e-01
   2.2852721e-01
   2.4716639e-01
   2.6576831e-01
   1.0503816e-01
   1.3023313e-01
   3.6593693e-02
   2.5680009e-01
   5.0941631e-02
   5.8496232e-01
   5.0676331e-01
   5.6991282e-01
   5.2044662e-01
   5.2905845e-01
   4.8672074e-01
   5.0607960e-02
   2.3250197e-02
   1.1660973e-01
   1.5236700e-01
  -2.5111013e-01
