   2.3010357e-01
   9.7698113e-02
   2.8877538e-01
   3.0427314e-01
   2.1180108e-03
   2.1403992e-01
   6.2113964e-02
   5.7913007e-02
  -3.5090651e-01
   1.2978200e-01
  -1.1066770e-01
  -1.6271469e-01
   5.7750374e-02
  -3.4973165e-02
  -1.4399759e-01
  -4.7740872e-01
   9.0465912e-02
   3.5733127e-01
   1.8138436e-01
  -2.1188063e-01
  -2.3171777e-01
   7.3282780e-03
  -1.9331416e-01
  -1.6491974e-01
   1.5825082e-01
   9.1446417e-02
   1.0280780e-01
   2.4099499e-02
   1.8043786e-01
   1.6418121e-01
   1.1142504e-01
   2.6591427e-02
  -9.1180087e-02
  -5.9429051e-03
   2.7081109e-02
   1.0834627e-01
  -1.2789921e-02
  -3.6184117e-02
   2.8682637e-01
   8.2154108e-02
  -3.1841486e-01
   8.9210761e-02
  -7.9665360e-02
   4.7212331e-02
  -6.8537787e-02
   1.7345391e-02
   3.2369103e-02
  -1.9306579e-01
   2.7061108e-01
   1.3970463e-01
  -9.7992806e-02
  -1.7013524e-01
   4.0474292e-02
  -5.9121703e-04
  -2.5129528e-01
   5.1197023e-04
  -4.2624069e-02
   9.6301897e-02
   7.4051869e-03
   1.8361709e-01
   1.2773104e-01
   4.4868586e-03
   1.2048167e-01
   1.6252427e-01
   5.3300711e-04
   8.7560319e-02
   1.4208012e-01
   8.9121001e-02
   1.1782434e-01
   1.3062258e-01
   2.8375056e-02
  -7.5891359e-02
   1.8552521e-01
   1.7234944e-01
  -4.7938082e-01
   7.1102638e-02
   8.9691652e-02
   1.0840794e-01
   3.5399360e-02
   6.0287782e-02
  -1.3803909e-01
   2.7197084e-01
   2.6023839e-01
   2.8061584e-01
  -1.6649582e-02
   2.5781087e-01
