   2.3098359e-01
   2.6081816e-01
   4.8356276e-01
  -9.6111267e-02
   1.4276705e-01
   1.1017623e-01
   3.5879846e-01
   3.5652582e-01
   3.8838972e-01
   1.3366855e+00
   1.7694718e-01
   5.8558724e-01
   4.1580647e-01
  -2.4157411e-01
   1.8867486e-01
   7.1196653e-01
   1.0518449e-01
   4.8156665e-01
   3.8355110e-01
   3.2688541e-01
   4.7950080e-01
   1.8030827e-01
   1.0095107e-01
   7.6861768e-01
   1.2103278e-01
  -9.1205789e-02
   1.0415989e+00
   2.4484807e-01
  -5.8333444e-02
   5.9274697e-01
   8.9829703e-01
   2.8801161e-01
  -1.9938901e-01
   7.3211846e-01
   2.9900430e-01
  -2.1654340e-01
   8.1528990e-01
   9.7161680e-01
   4.6983719e-01
   1.0180606e+00
   7.1873460e-01
   7.3949081e-01
   5.7615631e-01
   3.8436895e-01
   4.9540880e-01
   3.0827802e-01
   6.7073202e-01
   3.2342366e-01
   3.8392744e-01
   3.1402752e-01
   5.8089115e-01
   2.2663764e-02
   5.6450263e-01
