   2.8892076e-01
   3.8095637e-01
   3.1396100e-01
   4.5606632e-01
   2.2505521e-01
   3.1081387e-01
   3.1701521e-01
   3.6585769e-01
   6.0200190e-01
   4.8048150e-01
   4.7619013e-01
   3.4493391e-01
   2.5621230e-01
   3.3350237e-01
   2.8269689e-01
   4.7381113e-01
   8.1168457e-02
   1.1215116e-01
   3.3196679e-01
   4.6998579e-01
   2.3261643e-01
   1.9046213e-01
   1.7240757e-01
   1.2393445e-01
   2.6580475e-01
   3.9368301e-02
   1.5264054e-01
   2.9192374e-01
   2.5347928e-01
   1.6904695e-01
   2.4315231e-01
   2.3210117e-01
   2.5000020e-01
  -5.6497731e-01
   1.3297443e-01
   7.7117559e-02
   2.3655562e-01
  -2.9363307e-01
  -1.5997697e-01
   2.9730452e-01
   3.1749762e-02
   1.9164090e-01
  -3.4196995e-02
   3.3023863e-01
   2.1638223e-01
   3.0233580e-02
   9.0163127e-03
   4.3603529e-02
   5.4442892e-02
   3.9123221e-01
   1.1553342e-01
   1.9053382e-01
