   3.4736732e-01
   6.3345021e-01
   7.0309773e-01
   4.6372971e-01
   6.1427530e-01
   5.7392175e-01
   6.9336620e-01
   5.3174240e-01
  -2.3721469e-02
   3.4298628e-02
   1.4619603e-02
  -7.6296844e-02
   7.3527690e-02
   1.1183111e-01
   8.0340356e-01
   2.7363169e-01
   2.0811020e-01
   8.6861735e-02
   2.3499997e-01
   5.6191548e-02
   1.3090226e-01
   1.4180350e-01
   4.3584591e-01
   2.0119920e-01
   1.3234497e-01
   2.4652375e-01
   6.7059665e-02
   1.9009996e-01
  -1.3055329e-01
  -5.8385510e-02
  -1.2992615e-01
   6.6755531e-02
   1.3045079e-01
   3.0163905e-01
   3.3880256e-03
   1.1691654e-01
   3.4762333e-01
   3.3380927e-01
   9.6641007e-02
   3.5342472e-02
   6.2635817e-02
  -1.4712424e-01
   1.9927074e-01
   1.0090918e-01
   1.8146274e-01
   2.3530210e-01
   6.8576437e-01
   1.0176542e+00
   7.1526677e-01
   7.1605545e-01
   6.7939658e-01
   8.4045882e-01
   8.4908689e-01
   8.5239442e-01
   8.8403960e-01
   7.8983478e-01
   6.4700114e-01
   7.9489051e-01
   7.2302591e-01
   7.8684881e-01
   7.0103535e-01
   7.5669569e-01
   8.9420282e-01
   7.1165839e-01
   9.2713299e-01
   7.8179567e-01
   7.6938326e-01
   8.2789412e-01
   8.8202909e-01
   8.1685354e-01
   5.9635654e-01
   8.2052269e-01
