   1.4798354e-01
   5.5507189e-03
   1.7514031e-02
   9.4466107e-02
   1.5607594e-01
   3.2629331e-01
   2.2157627e-01
   1.6658836e-02
   8.3695156e-02
   1.2546693e-01
   2.1620098e-01
   2.8884028e-01
   2.9773648e-02
   3.4627942e-01
   2.6233658e-01
   4.3429296e-02
   2.2155834e-01
   1.7468595e-01
   1.7185677e-01
   5.4651887e-02
   7.8690544e-02
   6.2625214e-02
   1.7348001e-01
   1.7928443e-02
   7.7396197e-01
   1.0877459e-01
   3.1602186e-02
   1.4560070e-01
  -5.3138256e-02
   3.2745199e-02
  -3.4160551e-01
   2.9928646e-02
   8.8074110e-02
   1.1576227e-01
   5.3255878e-02
  -3.6688949e-01
  -1.1345128e-01
  -1.2151695e-01
  -5.5037718e-02
   1.6950337e-02
  -9.5691899e-04
   4.1161941e-02
  -1.7132285e-01
  -1.6305117e-01
   1.0468095e-01
   8.7035603e-02
  -2.0849497e-01
  -1.3136243e-01
  -1.3765415e-01
   1.7283865e-02
  -6.7165672e-02
   1.0620626e-02
  -2.6665225e-02
   1.0776581e-01
  -3.3627752e-03
   8.3499465e-02
  -1.4511438e-01
   2.7633256e-02
   1.6465858e-01
  -4.3074171e-03
   3.9108233e-02
  -4.3356291e-02
  -1.5663584e-01
  -1.6993264e-02
   8.1011240e-02
  -2.3838729e-02
  -2.1028518e-02
  -2.9026589e-01
  -1.4768120e-01
  -2.3187744e-03
  -1.0046885e-01
  -2.0411348e-02
   3.8155783e-02
  -1.1177216e-01
  -6.6546746e-02
   6.0044277e-02
   1.0173839e-02
  -4.3063831e-02
  -1.9911973e-01
   1.1964038e-03
  -8.9051932e-02
  -2.0222015e-01
   3.0854548e-02
   4.2516682e-02
  -6.8654452e-02
   1.4624893e-01
   1.8230026e-03
  -3.7094570e-01
   1.5839650e-01
  -1.7530062e-02
   2.7416300e-03
   9.8403311e-02
  -2.8536193e-01
   5.4125513e-02
   1.4094878e-03
   1.0663800e-02
  -3.3286940e-01
  -1.4394319e-02
  -1.8502791e-01
  -1.7678257e-02
   8.0916044e-02
  -5.9680002e-02
  -1.9762909e-01
   4.0772359e-02
  -8.2144878e-02
  -9.2324097e-03
   8.7156081e-02
  -4.1922798e-02
   5.9304057e-02
   4.8597842e-03
  -7.6911213e-03
  -2.0441887e-01
  -5.2606675e-02
  -3.7026174e-02
  -5.3218162e-03
   2.2900209e-02
  -1.5866727e-01
   2.0709831e-02
  -1.5887050e-01
   4.6632496e-01
  -1.1982124e-01
  -1.1076789e-01
   7.3739372e-03
  -1.1832071e-01
   6.9514671e-02
  -1.5284304e-01
  -1.1410919e-03
  -3.9278670e-02
  -7.1781311e-02
  -9.2559579e-03
   7.4048340e-02
   4.9994208e-02
   1.0721021e-01
  -1.4546075e-01
  -1.8838777e-02
  -1.2434965e-02
   1.3790486e-01
  -4.3221011e-02
  -4.8146073e-02
   8.7935341e-02
   1.2655170e-01
  -8.4792394e-02
   6.4565805e-02
  -2.9461649e-03
  -9.1909933e-02
  -7.3821389e-02
  -1.7359640e-01
   8.1726638e-02
  -8.1448644e-02
   6.7579445e-02
  -7.7461283e-02
   4.7371823e-02
   1.1566418e-01
  -8.2397573e-02
   6.0026335e-02
   6.4320574e-02
  -6.3003060e-02
   5.1720925e-02
  -6.5884154e-02
