  -3.1055322e+00
   1.0296600e+00
   5.3719374e-01
   1.0573594e+00
   9.7245707e-01
   9.5637169e-01
   6.8882869e-01
   7.5122087e-01
   9.7159265e-01
   8.8335273e-01
   1.8918733e+00
   7.1326902e-01
   1.4444704e+00
   7.1852846e-01
   1.9920379e+00
   6.2297821e-01
   1.0556703e+00
   5.3002300e-01
   8.1038050e-01
   6.6382859e-01
   8.7105719e-01
   9.9851770e-01
   9.6529060e-01
   6.4763765e-01
   1.0237952e+00
   1.0960001e+00
   7.8642188e-01
   1.3241348e+00
   8.9865801e-01
   9.2152043e-01
   9.9415448e-01
   1.1225128e+00
   9.5541095e-01
   1.1380339e+00
   6.7629802e-01
   9.1128396e-01
   7.2853321e-01
   1.1396356e+00
   8.2867808e-01
   1.2507318e+00
   1.1006628e+00
   1.3027867e+00
   1.2609430e+00
   1.0720516e+00
   1.4399657e+00
   7.6365843e-01
   6.9525059e-01
   9.1287235e-01
   9.5968689e-01
   5.5626424e-01
   1.2236951e+00
   8.4686159e-01
   7.7395066e-01
   5.3689774e-01
   8.5746467e-01
   8.9538055e-01
   8.7649456e-01
   6.5276140e-01
   7.8766693e-01
   5.3367666e-01
   6.2980273e-01
