   2.7884463e-01
   1.6826411e-01
  -2.6186047e-02
   1.6872355e-01
   2.0860276e-01
  -3.1288074e-02
   1.3095466e-01
  -2.3192871e-02
   3.8208672e-02
   7.9671853e-02
  -1.3182135e-01
   1.6688613e-01
   6.5686127e-02
   1.3867829e-02
   2.5272036e-02
   1.2015840e-01
   1.1731535e-01
   1.8435732e-01
   1.8113573e-01
   1.9773603e-01
   1.4995209e-01
   9.2028914e-03
  -6.5409925e-02
   1.4552445e-01
   1.2373752e-01
   1.8160189e-02
   1.0250496e-01
   2.4647612e-01
   1.5262702e-01
   5.0576312e-02
   2.4198570e-01
   1.4052523e-01
   1.7035306e-01
   1.0806156e-01
   1.5857433e-01
   3.6877457e-01
   1.6521104e-01
   7.4166720e-01
   5.4443150e-01
   1.0576735e-01
   1.7171031e-01
   3.6571888e-02
   1.0001136e-01
   2.8324962e-01
   2.7478582e-01
   7.8905802e-02
   1.0804179e-02
   1.0416022e-01
   2.5368215e-01
  -3.5360868e-02
   2.3708996e-01
   4.8044652e-02
  -2.5058117e-01
   1.9666176e-01
   2.0289862e-02
   4.1867256e-01
   1.4223557e-02
   1.7560094e-01
  -3.0266818e-01
   1.5155504e-01
   1.6660800e-01
  -1.2286996e-01
   1.8653593e-01
   1.0208614e-01
   2.5123945e-01
   5.7446978e-01
   1.2374728e-01
   2.1328123e-01
   1.0013219e-01
   1.3211451e-01
   7.0704845e-01
   2.5900242e-02
   9.7534612e-01
   9.9248098e-01
   2.5018498e-01
   7.3437469e-02
   8.8682636e-01
   8.1747109e-04
   1.5380005e-01
   2.6225503e-02
   1.6347343e-01
   2.8744585e-01
  -9.8552898e-02
   9.6591185e-02
   3.5628276e-02
  -6.3086524e-02
  -7.1701787e-02
   2.0444493e-01
   1.9674454e-01
   2.3169236e-01
   5.3500311e-02
   1.9393601e-01
   1.4640595e-01
   5.7981516e-02
   3.8969069e-02
   6.2365492e-02
