  -4.2237036e-02
   1.4502508e-02
   4.5662265e-01
  -4.7939309e-02
  -3.1316650e-01
  -2.9950781e-02
  -6.2788861e-02
   8.7530815e-02
  -7.0414530e-02
   8.3139887e-02
   1.5841922e-01
   1.3100346e-01
   5.5143253e-02
   2.1182000e-01
   1.7101918e-01
  -2.3787001e-01
  -3.1730227e-01
   1.2203344e-02
   1.1967949e-01
  -9.0227311e-01
  -5.4198050e-01
  -2.5367480e-01
   6.9899809e-02
  -9.3384681e-02
  -5.0041069e-02
   5.2993079e-02
   4.0915899e-02
  -4.8053907e-01
  -2.0002805e-01
   9.0867452e-02
  -1.7775796e+00
   9.8702842e-02
  -4.6695797e-01
  -3.3166854e-01
   4.1552382e-02
   1.6128790e-02
   3.9363551e-02
  -3.1836153e-02
   2.3265131e-01
  -4.5466091e-01
   3.0472383e-02
  -3.2569965e-01
   8.4907188e-02
  -1.5532248e-01
   1.8893301e-01
  -3.6351918e-01
   1.1356424e-01
   2.3659146e-02
  -1.8426489e-02
  -1.4296865e-02
   8.6400498e-03
  -7.3435326e-02
  -1.9287655e-01
   8.3461147e-02
   3.6695933e-01
   3.5416350e-02
   1.3918664e-01
   2.5073584e-01
   1.7345156e-01
   2.4536349e-01
   9.4257726e-02
   7.9663677e-02
   1.3098698e-01
   3.1602295e-01
