   2.0122303e-01
   1.0782741e-01
   2.6078074e-01
   1.0002921e-01
  -7.0524145e-02
   7.4586802e-02
   3.7072539e-01
   1.4494960e-01
   7.1337131e-02
   5.2213516e-02
   1.5909380e-01
   2.7700112e-01
   4.3540137e-01
   2.4272731e-01
   3.3620623e-01
   3.3837583e-01
   3.8937593e-01
   8.7638790e-01
   8.9591992e-01
   6.8690942e-01
   6.0387310e-01
   5.5511137e-01
   8.3230752e-01
   7.0711112e-01
   7.1298018e-01
   6.2292630e-01
   8.0666669e-01
   7.4065893e-01
   9.6054454e-01
   6.8821988e-01
   7.5319649e-01
   6.9369323e-01
   4.0997663e-01
