   1.4941825e-01
   3.5579252e-01
  -1.5261955e-02
   3.1037251e-01
   8.6484144e-02
   2.0519260e-01
  -1.4874176e-01
   1.0220498e-01
   5.0378548e-02
  -4.7693633e-01
   2.0943986e-01
   2.9743057e-01
   2.8685245e-01
  -1.0139358e-01
   2.4884416e-01
   3.3592258e-01
   3.2165725e-02
  -8.2768039e-02
   2.8007323e-01
   1.0117098e-01
   2.4412366e-01
   9.2864604e-01
   5.9005361e-01
   1.1883975e+00
   4.9518377e-01
   3.0748383e-02
  -1.4847300e-01
   1.7674765e-01
   1.1815790e-01
   3.2577299e+00
  -8.5591202e-02
   9.7768110e-02
   3.3490233e-02
  -2.6686168e-01
  -9.8059668e-03
   1.5249991e-02
  -3.4599042e-01
   2.6816011e-02
  -7.6662864e-02
   7.6284820e-02
  -1.5696585e-01
  -4.9949818e-01
   7.1100991e-02
  -1.0815534e-01
  -1.6748314e-01
   1.0120079e-01
  -1.0321088e-01
  -7.0368381e-02
  -1.4247625e-01
  -3.0010881e-01
  -7.5696313e-01
  -9.4272606e-02
   9.0441661e-02
  -1.9985814e-02
   1.4189841e-01
   1.9308192e-01
   1.1348974e-01
  -2.4993425e-02
   2.6186425e-01
   3.3126989e-02
  -6.4095692e-02
   1.1083102e-01
  -3.4463320e-01
   1.4898526e-01
   3.9753520e-02
   2.2681653e-01
   2.1828435e-01
  -1.3458820e-01
   1.5127688e-01
   2.5554400e-01
   1.0368465e-01
   1.1909967e-01
  -4.7471922e-02
   1.6655435e-01
