   5.5065761e-01
   8.6234356e-01
   7.7928139e-01
   6.4235897e-01
   7.7745759e-01
   7.1841478e-01
   3.9454751e-01
   5.1800439e-01
   4.8030705e-01
   5.0231787e-01
   5.9520034e-01
   6.1034607e-01
   6.7031495e-01
   7.5464819e-01
   5.0820403e-01
   1.1620369e+00
   5.4450154e-01
   7.8328849e-01
   7.5865136e-01
   8.3936052e-01
   6.3294081e-01
   4.2343552e-01
   5.7837350e-01
   4.9039856e-01
   3.7992289e-01
   4.7566856e-01
   4.7145783e-01
   5.1864174e-01
   6.9266275e-01
   3.4255331e-01
   4.7863145e-01
   6.1154432e-01
   5.3438937e-01
   6.8784915e-01
   5.4874077e-01
   4.8393149e-01
   5.2321939e-01
   3.8878624e-01
   6.2385718e-01
   7.6721375e-02
   6.6152879e-01
   4.3694506e-01
   5.4478788e-01
   8.7853371e-01
   7.1604671e-01
   4.9698576e-01
   1.4518297e-01
   5.2955752e-01
   2.9295462e-01
   3.7222641e-01
   3.8222961e-01
   3.1749399e-01
