   3.0929684e-01
   1.4688362e-01
   2.6440413e-01
   3.1306962e-01
  -9.5920822e-03
   2.6597971e-01
   2.3969688e-01
   2.7073507e-01
  -4.6925952e-02
  -6.8569321e-02
   2.6932768e-01
   1.4117328e-01
   9.3116480e-02
   1.2246366e-01
   2.7602473e-01
   9.8675840e-02
   2.9721613e-01
   1.0545126e-01
   2.6104568e-01
   2.6157831e-01
   1.9305167e-01
   2.1068096e-01
   1.6984088e-01
  -3.0437154e-01
   2.4040031e-01
   1.2742808e-01
   1.1713499e-01
   2.0425775e-01
   5.7355362e-02
   1.0315675e-01
   3.3065517e-04
   4.8800203e-02
   2.1653592e-01
   1.9304317e-01
  -3.7663672e-02
   1.5929475e-01
   1.6515581e-01
   2.8833655e-01
   1.4431390e-01
   3.2899965e-01
   8.1957646e-02
  -5.2212616e-02
  -2.0331102e-02
   8.7478759e-02
   1.8586419e-01
   7.9402725e-01
   6.0692692e-01
   8.6623425e-01
   6.7366156e-01
   5.8822126e-01
   1.7262509e-01
   2.4001433e-01
   3.1486058e-02
   1.8605009e-01
  -4.0586780e-02
   7.0401446e-01
   6.6509016e-01
   9.1084733e-01
   6.8616912e-01
   6.1117424e-01
   8.6240633e-01
   9.1363234e-01
   5.9980778e-01
   1.8964512e-01
  -5.6573256e-02
   3.1032568e-01
   1.7648206e-01
   6.4674863e-02
   5.6786424e-01
   5.4580337e-01
   5.6261063e-01
   8.1403770e-01
   8.5329143e-01
   8.0247354e-01
   7.8842089e-01
   6.6569305e-01
   8.7899527e-01
   2.2662651e-02
   1.1506727e-01
   1.2627836e-01
   1.3016034e-01
   8.1403708e-01
   4.7462276e-01
   3.7180105e-02
   1.3951317e-01
   7.3199387e-02
   1.9326839e-01
   1.3055629e-01
   1.5547152e-01
   6.5085210e-01
   4.6488144e-01
   1.2614587e-02
   3.9078714e-02
   1.4509985e-01
   1.1869997e-01
   1.4147465e-01
  -5.0627590e-01
   7.1488994e-02
  -1.0766375e-01
   6.0279559e-01
   1.4205664e-01
   1.8016329e-01
  -1.8590450e-01
  -1.2630457e-01
   9.9706999e-02
   9.5062011e-02
   1.7297995e-01
   5.7908344e-01
   2.0494101e-01
   2.2450734e-01
   7.0497620e-01
   5.9696837e-02
