  -4.5495839e-02
   4.5488114e-01
   2.2636373e-01
   9.3301900e-03
   1.2630373e-01
   1.2597434e-01
   5.6799304e-02
   1.6531961e-01
   6.0293557e-02
  -2.0398242e-01
   7.6414246e-02
  -3.2671374e-01
  -3.5384985e-01
   1.9286932e-01
   2.7032682e-01
  -9.7433603e-02
   3.0063865e-02
   5.8534000e-02
   1.8629869e-01
   2.0039765e-01
   9.2852197e-02
  -1.0544013e-01
  -1.4384537e-01
   2.3552469e-01
  -6.5787728e-02
   6.3910921e-03
   5.5365052e-01
   7.6267893e-01
   7.3292958e-01
   1.1833159e+00
   1.0179865e+00
   9.7393330e-01
   1.0121546e+00
   1.1234343e+00
   8.1838085e-01
   8.4924005e-01
   8.9486367e-01
   1.3231958e+00
   8.9268541e-01
   8.3236678e-01
   9.7844653e-01
   1.2756604e+00
   1.0978944e+00
   1.4157182e+00
   8.3498312e-01
   8.2633851e-01
   9.3436765e-01
   9.6811125e-01
   1.2214286e+00
   1.0688398e+00
   1.0929722e+00
   1.1531813e+00
   1.0819469e+00
   9.1340244e-01
   1.0553125e+00
   9.2235985e-01
   1.0126936e+00
   8.7630202e-01
   8.9368967e-01
   1.0846374e+00
   1.0114176e+00
   9.6550346e-01
   1.0016072e+00
   9.0568695e-01
   9.5243388e-01
   9.7361387e-01
   7.6282391e-01
   9.4248493e-01
   9.9896309e-01
   8.7811564e-01
