   1.2872405e-01
   7.8834529e-03
   5.5896625e-02
   1.8460889e-01
   2.4890338e-01
  -1.1317623e-01
   1.9892181e-01
   2.4391872e-01
   2.7041900e-01
   2.4002201e-01
   2.9992728e-01
   1.3404861e-02
   1.6137490e-01
   3.3571861e-01
   3.1846821e-01
   1.4482307e-01
   2.3166049e-01
   3.4327770e-01
   4.4940104e-01
   5.2095811e-01
   1.7520222e-01
   2.7353887e-01
   6.0111097e-02
   1.6789204e-01
   4.0709523e-01
   3.5406218e-01
   2.2836838e-01
   1.3069813e-01
   1.4006195e-01
   1.9732072e-01
  -1.0127234e-01
   2.3561191e-01
   1.9592460e-01
   3.4532329e-01
   2.4353763e-01
   1.9235564e-01
   2.8631015e-01
   3.0484724e-01
   1.4151368e-01
   2.0338108e-01
   2.4358421e-02
  -2.2183113e-01
   5.1793359e-02
   1.5040907e-01
   1.2929413e-01
   2.7391983e-02
   8.3345089e-02
   1.2764141e-01
  -1.1268565e-02
   2.5928408e-02
   7.4243874e-02
   7.8578281e-02
  -3.4678107e-02
   1.2041031e-01
   1.8116765e-01
  -9.4946526e-02
   2.0970089e-01
   1.4669682e-02
   4.3574895e-02
   1.8240584e-01
   1.3322002e-01
   1.4714518e-01
   5.2472247e-02
   7.4682522e-02
   1.7716213e-01
   2.2861026e-01
   1.8996239e-01
   1.3412227e-01
   1.3768628e-01
   1.5792278e-01
   2.1246913e-01
  -2.6665369e-02
   1.9314587e-01
   1.4196985e-01
   1.0199849e-01
   2.1924922e-01
   1.0703466e-01
   1.0784590e-01
   2.7435369e-01
  -5.5360091e-01
