   6.0006649e-01
   4.1940232e-01
   6.5650341e-01
   6.0428830e-01
   5.2317770e-01
   4.9095454e-01
   5.0797730e-01
   6.1993941e-01
   7.2373487e-01
   6.3359405e-01
   5.4713672e-01
   5.3032697e-01
   5.7768411e-01
   7.1244393e-01
   6.0278673e-01
   5.8506619e-01
   7.1659850e-01
   7.0465983e-01
   7.7765748e-01
   1.0067729e+00
   1.8241993e-02
   4.0856527e-01
  -3.7556673e-01
  -1.2624714e-01
   2.6521609e-01
  -3.0278073e-01
  -6.0216932e-01
   2.0552051e-01
  -5.3339545e-01
   2.2814459e-01
   4.0574742e-02
  -7.3101826e-01
