  -1.7700246e-01
  -2.4524479e-01
   1.5952717e-01
   3.5590734e-01
   1.3530225e-01
   1.8537852e-01
   1.5501126e-01
   1.0266900e-01
   4.2598182e-03
   1.6949320e-01
  -9.6123743e-02
  -1.2879105e-02
   1.6025783e-01
   3.0007097e-01
   3.0824442e-01
   1.5557976e-01
   2.2288245e-01
   1.3901585e-01
   1.4648412e-01
   5.5119142e-02
   9.2605466e-01
   9.5214748e-01
   8.3908127e-01
   8.3238775e-01
   5.6893345e-01
   8.9744676e-01
   8.4559784e-01
   8.4862659e-01
   1.0378675e+00
   3.5863187e-01
   8.9779523e-01
   8.3808057e-01
   5.8312653e-01
   1.0439805e+00
   7.4091490e-01
   7.5457071e-01
