  -3.2058478e-01
  -1.5461550e-01
   4.4286413e-02
   4.4175080e-01
   1.5254705e-01
   3.9476031e-01
   4.6418589e-02
   2.1803137e-01
   3.2047737e-01
   3.5697573e-01
   3.4883022e-01
   3.5895868e-01
   2.9945022e-01
   2.8341498e-01
   5.6696462e-01
   1.8748591e-01
   1.8880266e-01
  -4.9766228e-01
   2.3417578e-01
  -1.1224470e-02
   3.4628279e-02
   2.0183749e-01
  -4.1206016e-01
  -1.6565715e-01
  -2.0814673e-01
   1.6044759e-01
   5.1779571e-02
   1.0163279e-01
  -1.8784788e-01
   9.7670964e-02
   5.7887577e-01
  -6.9083526e-02
   3.5723456e-01
  -1.6102642e-01
   1.4129379e-02
   2.9688454e-01
   2.2197910e-01
   8.5487280e-02
   3.7664898e-01
  -1.5978532e-02
   1.1835297e-01
   3.0115296e-02
   1.0934428e-01
   1.7988628e-01
   5.2299286e-02
   7.8507699e-02
   6.6043969e-02
  -3.4555335e-02
   8.1686613e-02
  -1.2219636e-01
   2.6474585e-01
   3.0141198e-01
  -5.8444623e-01
   4.3947606e-02
   1.8487617e-02
   6.6579296e-02
  -1.3129962e-01
  -6.3314688e-01
  -1.4472645e-01
   1.2844342e-01
   2.9928147e-01
   5.6587726e-01
  -4.4709839e-03
   4.9828780e-01
   9.2544311e-02
  -6.7686924e-02
   6.1477245e-02
   2.0066906e-01
  -1.1563987e-01
   1.9658909e-01
   9.4590143e-02
   2.2910459e-01
  -7.8518048e-03
   1.8256654e-01
  -2.9733321e-01
   8.7062931e-01
   1.0067298e+00
   8.9715739e-01
   1.0062424e+00
   8.4368660e-01
   3.2871073e-03
   7.7841813e-01
   5.5362239e-01
   9.5417397e-02
  -5.3317430e-02
   1.5935601e-01
   7.0371676e-02
   6.9948628e-02
