   9.5887396e-01
   2.8863664e+00
   1.0689571e+00
   9.1617205e-01
   1.6031926e+00
   7.0787634e-01
   9.1560869e-01
   9.7984962e-01
   1.3402097e+00
   8.5483847e-01
   9.9483728e-01
   1.2454379e+00
   1.0155749e+00
   9.5034147e-01
   1.1171465e+00
   1.0089969e+00
   9.5669741e-01
   1.9048776e+00
   9.0104738e-01
   1.0097788e+00
   1.0235945e+00
   1.1333733e+00
   9.6267162e-01
   1.1492363e+00
   9.1112295e-01
   1.5201703e+00
   2.1108718e+00
   9.6575164e-01
   1.2993999e+00
   1.0425483e+00
   8.6743299e-01
   1.3511811e+00
   9.8113841e-01
   1.1412887e+00
   9.8469103e-01
   9.3947479e-01
   8.9175733e-01
   8.7563590e-01
   8.3392206e-01
   1.0779966e+00
   8.2944804e-01
   7.2342180e-01
   8.2936051e-01
   8.9597609e-01
   7.3955090e-01
