  -3.1166191e-01
  -7.9700575e-01
   2.0545693e-01
   1.2212675e-01
   8.9087655e-02
   7.4376824e-02
  -1.2955974e-01
   1.3223132e-01
   2.8761743e-01
  -7.6771380e-02
   4.6586816e-02
  -3.8421017e-02
   8.3945969e-02
   8.3869308e-02
   2.7898691e-01
   5.8841968e-02
   2.4882783e-01
   1.4537495e-01
   1.9394024e-01
   2.2076927e-02
   3.4913400e-01
   1.4917943e-01
   2.1658489e-01
   2.4791345e-01
   1.9522021e-01
   2.2787242e-01
  -5.2208093e-02
   1.6105198e-01
  -1.2402608e-02
  -1.1561643e-01
   5.1988246e-02
   7.8033695e-02
  -2.2582525e-03
   3.6870332e-01
   2.3279146e-01
   2.1575257e-01
   2.4482248e-01
   3.3800085e-01
   8.5782913e-02
  -2.5853253e-02
  -5.2666281e-03
  -4.2446251e-02
   4.0492496e-01
   6.1988795e-01
   2.1868871e-01
   1.4722680e-01
   8.4798933e-02
   2.5688572e-01
   1.1169274e-01
   4.1225073e-01
   1.7575583e-01
   1.1168096e-01
   3.4396913e-01
  -8.0916387e-02
   3.5174063e-01
   3.6369791e-01
   1.5962574e-01
   3.7590159e-01
  -9.0448205e-02
   2.0435141e-01
  -1.9552263e-01
   3.4896343e-01
   1.1640384e-01
   1.0672193e-01
   1.8890486e-01
   8.9689741e-02
  -1.0868955e-02
   2.2111634e-01
  -7.7864578e-02
   1.4278469e-01
  -1.9154709e-02
  -1.6411978e-02
   1.8903309e-01
   1.1663269e-01
   1.4992490e-01
   7.2720282e-02
  -1.5253317e-02
   1.7431695e-01
   7.8332078e-02
   1.8080019e-01
   4.4452653e-01
  -3.4791476e-03
   2.1365319e-01
   1.0569132e+00
   9.8468372e-01
  -6.0474905e-02
   1.1931569e-01
   2.0674257e-01
   3.2560456e-01
  -1.4552113e-01
  -1.1315211e-01
   2.2168962e-01
   1.6167771e-01
   1.8868355e-01
   2.4423292e-01
   1.5659543e-01
  -4.6481476e-03
   2.0798623e-01
   1.7518362e-01
   9.2607409e-02
  -1.4116080e-02
  -1.4706909e-01
   6.8756625e-02
   1.4193365e-01
   1.2950538e-01
   1.4048649e-01
   1.4050589e-01
  -1.1194021e-01
  -1.8229809e-02
   3.4132369e-02
  -1.1549899e-02
   3.4456868e-01
   2.1475999e-02
  -4.0621009e-02
  -2.8007186e-01
  -1.1502344e-01
   9.7399042e-02
   1.2774539e-01
  -5.4024011e-02
   6.1720121e-02
   1.5632618e-01
   6.8322551e-02
   2.3051723e-02
   3.6653010e-02
  -4.9854131e-02
  -2.7194780e-02
   1.3947997e-01
   6.3217735e-02
   1.4261137e-01
