   2.1132635e-02
   5.1868998e-01
   1.8703542e-01
   2.3363997e-01
   3.0281691e-01
   2.6828755e-01
   4.9481750e-01
   7.1151328e-01
   1.3010184e+00
   2.6130107e-02
   2.2447569e-01
  -2.6080607e-01
  -1.1013572e-01
   1.6627651e-01
   1.1154715e-01
   1.7729151e-01
   2.4332950e-01
   3.5432787e-01
   3.3845603e-01
   1.9013586e-01
   7.0178678e-02
   4.4948991e-02
  -5.8954388e-03
   2.4765505e-01
   5.1423434e-02
   2.0374819e-01
   9.2914018e-02
   3.5646177e-01
  -2.1725978e-01
   2.4903706e-02
   2.0675767e-01
   1.8742661e-01
   1.2740698e-01
   3.3663024e-01
  -1.0415977e-01
   1.9626012e-01
   9.8503360e-02
   1.0098429e-01
   8.0641774e-03
  -5.4719794e-02
   2.0172718e-01
  -6.8928026e-03
   4.0882376e-02
   5.9763118e-02
   1.4812933e-01
