   1.1315740e-01
   3.0788876e-01
   1.1001126e-01
   3.9945038e-01
   5.8786991e-01
   7.8227523e-01
   8.5981288e-01
   4.4719678e-01
   5.2694633e-01
   1.0064288e-01
   2.5397581e-01
  -2.3512382e-01
   4.3234032e-02
   2.4581788e-01
   3.9416594e-02
   2.7881809e-01
   2.3874404e-01
   1.2568679e-01
   4.6364406e-01
   3.9090093e-01
   2.8612319e-01
   2.7832614e-01
   8.4349553e-02
  -1.6507940e-02
   1.5730417e-01
   7.2240938e-01
   8.4092699e-01
   8.9722951e-01
   8.7115510e-01
   4.3572215e-01
   2.5844664e-01
   1.6559185e-01
