   1.8688849e-01
   1.8481141e-01
   2.0994028e-01
   1.3033422e-01
   2.9951080e-02
   1.1427237e-01
   1.0958506e-01
   9.8567444e-02
   1.0913528e-01
   5.2113214e-02
   7.0045714e-01
   5.6326199e-01
   5.0702860e-01
   1.5408261e-02
   5.6792365e-01
   5.8067505e-01
   1.8963854e-01
   2.2283931e-01
   1.6558715e-02
   1.8332716e-01
   1.2637923e-01
   7.4927421e-02
   7.4132522e-02
   1.1374156e-01
   3.5732165e-01
  -8.1568090e-02
  -6.5972488e-03
   4.2445047e-02
  -7.6036090e-02
   1.9108715e-01
  -8.4067134e-02
   1.3518773e-02
  -1.3721340e-01
  -2.8645222e-02
   1.2974429e-01
   9.8320183e-01
   7.9420820e-01
   9.6117863e-01
   7.6085078e-01
   1.0004994e+00
   8.5262658e-01
   8.2732173e-01
   9.4286019e-01
   2.0254600e-01
   6.2219783e-02
   9.3737507e-02
   2.4490440e-01
   2.1517619e-02
  -1.2582910e-01
   9.4674386e-01
   5.8790059e-01
   3.1336663e-01
  -5.2855450e-02
   2.5368564e-01
   1.4785104e-01
   7.2107145e-02
   1.7960786e-01
   8.3903317e-02
   1.3949962e-01
   2.1325165e-01
