   1.5077843e+00
  -1.2408428e+01
   5.1484752e+00
   1.6748935e+00
   1.1436157e+00
   1.6268332e+00
  -2.3824299e+00
  -2.2114509e+00
   1.3001064e+00
   1.2872784e+00
   1.2827927e+00
   9.4310406e-01
   8.1561590e-01
   2.1054150e+00
   1.3436654e+00
   2.0103008e+00
   5.4753422e-01
   9.2384155e-01
   7.6023876e-01
   9.4007871e-01
   5.9896671e-01
   8.2183362e-01
   7.2666050e-01
   1.1821928e+00
   1.0420988e+00
   1.1640931e+00
   9.4579015e-01
   9.6658381e-01
   7.3971853e-01
   9.0018993e-01
   8.4529398e-01
   7.9793655e-01
   7.8113134e-01
   2.8923541e-01
   2.8233745e-01
  -3.0902006e-01
   5.1701349e-01
   9.6964379e-02
   1.4208201e-01
   2.5541753e-01
   2.4034567e-01
   1.6978655e-02
   2.6263967e-01
   6.8634882e-02
   1.1140509e-01
   3.0747911e-01
   2.9525373e-01
  -4.8912021e-01
   4.6817985e-01
  -6.5651155e-01
   2.1301321e-01
  -3.2450766e-01
   5.5995939e-01
  -3.3656242e-01
  -9.0408442e-03
  -3.8633398e-02
   4.5623527e-01
  -4.6575359e-02
   3.1555752e-01
   3.5726639e-01
   4.5702345e-01
   7.1426105e-02
