   3.1523748e-01
   3.3897827e-01
   2.1214890e-01
   4.4954085e-02
   3.2087725e-01
   2.8059403e-01
  -3.0787133e-02
   2.8361359e-01
   2.1701695e-01
  -1.1734764e-01
   2.1222591e-01
  -1.8768269e-01
  -1.8122101e-01
   1.8192950e-01
   7.1056434e-02
   8.5509783e-02
   6.7890762e-02
   3.1185753e-01
   1.1061286e-01
   3.5075545e-01
   1.1015373e-01
   1.9106878e-01
  -7.4061492e-02
   1.8094972e-01
  -8.9691300e-02
   8.0307811e-02
   1.7259337e-01
   1.2107363e-01
  -1.4688429e-01
   1.3077011e-01
  -1.4157045e-02
   6.5170183e-02
   1.6416542e-01
   3.7825820e-01
  -7.8431069e-02
   2.6437740e-01
   2.0930130e-01
   1.3883913e-01
  -9.3656184e-02
  -5.7763790e-02
   2.6536624e-01
  -8.1589020e-02
   1.4497634e-01
   1.7175536e-01
   7.8497573e-02
  -6.3497686e-02
   8.8169611e-02
   2.2034577e-01
   3.5599988e-02
   2.2489653e-01
   2.2378264e-01
   1.9211477e-01
   2.4179132e-02
  -1.1212352e-01
   7.3700074e-02
  -2.6069153e-01
  -1.4966278e-01
   1.0885006e-02
   4.6401935e-01
   9.7294452e-01
   1.9494379e-01
  -8.8100925e-02
   2.0442294e-01
   3.6020744e-01
   5.0129009e-02
  -1.1526234e-01
  -1.5739274e-01
   1.3424055e-01
   1.9293443e-01
   2.1577864e-01
   1.0000670e+00
   3.2237311e-01
   1.0077822e+00
   6.4807089e-01
  -7.4766423e-01
   1.7872905e-01
   5.3183356e-01
   2.9364663e-01
   6.9786095e-01
  -1.3607700e-02
  -2.2828628e-02
   1.5629032e-02
   6.5148715e-02
   8.5029677e-02
   1.9903925e-01
   4.8580432e-01
   3.4479393e-01
  -1.6871166e-02
