   1.6833036e-01
   3.9738347e-02
   3.6011738e-02
   1.9764165e-01
   5.1774868e-02
   1.3147164e-01
   1.5573071e-01
  -1.5071738e-01
  -1.1282764e-02
   2.8940583e-01
   2.3802003e-01
   4.0686017e-02
  -2.5691144e-02
   3.1136780e-02
   2.4000511e-01
   7.5922237e-02
   1.0896979e-02
   2.1288353e-01
  -9.9350623e-02
   1.8363889e-01
   6.9763493e-02
   1.9095651e-01
   2.6616431e-01
   1.7331568e-01
   2.9613173e-01
   9.8586572e-02
   1.7049916e-01
  -2.6427495e-01
   1.0154939e-01
  -2.3999785e-02
   1.7751742e-03
   7.0218708e-02
   1.6988235e-01
   1.3103005e-01
   1.6748416e-01
   1.6729732e-01
   1.6355907e-01
   2.4549269e-01
  -1.4398462e-01
   1.6110423e-01
   8.5326417e-02
   2.0023884e-02
   1.4778397e-01
   1.9842858e-01
   2.1263740e-01
