   6.9860884e-02
   1.6242007e-01
  -2.1971313e-02
   2.6168710e-01
   4.1170946e-01
  -4.2502944e-01
  -1.1392487e-02
   2.7977560e-01
   4.1085598e-01
   3.8426611e-01
   8.2153632e-01
  -3.4070329e-01
   9.3761363e-02
   1.8911075e-01
   2.0283787e-01
   1.2859528e-01
   2.6430081e-01
   1.7641771e-01
   1.7966949e-01
   3.8978301e-01
  -5.2452127e-02
   1.4608390e-01
  -1.2349578e-01
   5.5520327e-02
   2.5901523e-01
   1.6218829e-02
   2.1051635e-01
   3.3903120e-01
  -7.1814740e-02
   2.5168693e-01
  -3.2674804e-01
   6.0732300e-03
   5.0802280e-02
   3.6556671e-01
  -3.2541241e-02
   2.2089500e-01
   1.5520233e-01
   2.7414509e-01
  -7.0471043e-02
   4.0063857e-02
  -1.1827744e-02
  -1.6912785e-01
   2.4905165e-01
   2.3718958e-01
   3.0403051e-01
   2.6377609e-01
   3.6630702e-01
   3.2910522e-01
   1.4697886e-01
   2.9255482e-02
  -1.3769522e-01
   2.0472775e-01
  -1.8490811e-01
   2.6108487e-01
   2.7124490e-01
  -6.2288152e-02
   2.7954804e-01
  -8.8679527e-02
   8.4175171e-02
   4.3469366e-01
   1.4536053e-01
   1.6919300e-01
   1.1396743e-01
   9.3485929e-02
   5.8654557e-03
   3.3833485e-01
   2.1303346e-01
   1.5904437e-01
   2.0403398e-01
   2.5496230e-01
   2.5588880e-01
   1.9593070e-01
   1.9948744e-01
   1.4575359e-01
   1.4038558e-01
   3.6983455e-01
   1.3794080e-01
   1.5192802e-01
   2.5493433e-01
  -3.9810269e-01
   2.1436088e-03
  -1.0063555e-01
   3.4703230e-02
   1.1482107e-01
   2.4384574e-01
   8.6654737e-02
   1.0242948e-01
   2.0990614e-01
   2.1924798e-01
   2.8435821e-01
   1.8798640e-01
   1.1179858e-01
   2.3839972e-01
   2.3140655e-01
   9.9069912e-03
   3.4292420e-01
   1.4691964e-01
   2.1828804e-01
   4.6832783e-02
   9.7149246e-02
  -4.0205430e-01
   6.6942584e-02
  -8.5482543e-02
   1.9039341e-01
   8.1979810e-02
  -1.4848459e-01
   7.9228425e-02
   1.9746679e-01
   2.0085069e-01
   5.6610568e-02
   2.9760904e-02
   2.8921334e-01
   5.6398569e-02
   1.1168377e-01
   3.9124426e-02
   2.7223047e-02
  -2.2793275e-01
   1.2368521e-01
   1.6986745e-01
   3.7701087e-02
   2.0875552e-01
   1.7964646e-01
   1.1801226e-01
   1.9720040e-01
  -5.1849984e-03
   3.3589025e-02
   3.4005028e-02
   8.3210376e-02
  -3.6843817e-02
   1.4266348e-01
   1.6339173e-01
   4.3234711e-02
