   1.4179233e-01
   2.0497281e-01
   8.4240563e-02
   1.3444164e-01
   1.6550970e-01
   1.5690932e-01
   3.2577692e-02
   2.8124245e-01
   9.2534278e-02
   2.9067620e-01
   2.4055616e-01
   1.4574420e-01
   1.9630387e-01
   3.7911977e-01
   3.1004727e-01
   1.7004207e-01
   1.0406142e-01
   1.0551512e-01
   3.0876167e-01
   1.1702583e-01
   1.3859038e-01
   1.0151315e-02
   6.4492873e-02
   1.9258869e-02
   2.2103870e-01
   9.2190108e-02
   1.7563547e-01
   1.3253323e-01
   9.9081970e-02
   2.3788028e-01
   4.3905505e-02
   2.4022813e-01
   1.9838600e-01
   1.9315647e-01
   2.0369898e-01
   1.2911304e-01
  -4.5757111e-02
   2.7990504e-01
   2.0125896e-01
  -2.4960038e-03
   1.6743688e-01
   1.6030191e-01
   1.5779072e-01
   1.3901080e-01
   2.8901218e-01
  -3.9080889e-02
   4.2716813e-01
   3.2941546e-01
   6.1732363e-01
   7.7124506e-01
   7.9959973e-01
   5.1835158e-01
   3.1505834e-01
   8.4672456e-01
   5.5070718e-01
   4.4191619e-01
   3.5061657e-01
   3.4804837e-01
   4.9208957e-01
   3.1686783e-01
   5.1410474e-01
   2.0792970e-01
   3.4170740e-01
   3.7887055e-01
   2.5870758e-01
   2.1481559e-01
   1.8454495e-01
   2.3905764e-01
   2.1680704e-01
   2.9494096e-01
   7.2598999e-02
   2.6018062e-01
   2.6828254e-01
   2.7627127e-01
   2.4681828e-01
   2.4577032e-01
   8.9841723e-02
  -1.1474510e-01
   1.5021559e-01
   2.7873708e-01
   8.7840431e-02
   2.1337888e-01
   2.1059034e-01
   2.7899041e-01
   1.2391272e-01
   1.6968178e-01
   1.1618238e-01
