   1.2657713e+00
   8.3121651e+00
   2.0883370e+00
   1.1852297e+00
   1.3270354e+00
   1.8473292e+00
   3.3955515e+00
   1.0368535e+00
   1.1968165e+00
   1.0022390e+00
   2.0770870e+00
   9.4066109e-01
   7.2843229e-01
   1.2253545e+00
   1.7017774e+00
   1.2367107e+00
   7.7275351e-01
   8.5961247e-01
   1.3082008e+00
   1.3716724e+00
   1.0869869e+00
   9.5788447e-01
   4.1859362e+00
   8.1839059e-01
   9.3131064e-01
   1.1164411e+00
   5.8949933e+00
   7.1639391e-01
   1.2438512e+00
   8.1461219e-01
   1.1878091e+00
   1.0390659e+00
   4.5115856e-01
   9.5417234e-01
   9.9250036e-01
   1.3171189e+00
   1.2097242e+00
   1.1026436e+00
   1.0821266e+00
   1.2668909e+00
   2.0617864e+00
   8.4292298e-01
   8.8734566e-01
   1.3234716e+00
   8.4534680e-01
   4.2612435e+00
   4.2765774e+01
   1.1224912e+00
   1.2949765e+00
   7.5578970e-01
   1.0353986e+00
   8.3873163e-01
   6.7443305e-01
   8.0058490e-01
   8.9097097e-01
   7.4746975e-01
   1.0144957e+00
   1.1742654e+00
   7.8159327e-01
   8.7591256e-01
   1.4168180e+00
   9.3261458e-01
  -7.3783353e-01
   1.0686296e+00
   1.2633653e+00
   8.7306446e-01
   7.4750152e-01
   1.4018804e+00
   1.0677111e+00
   9.8627147e-01
   9.9031713e-01
   1.2727075e+00
   1.1459556e+00
   1.0921845e+00
   1.1466480e+00
   1.0546952e+00
   9.8535141e-01
   1.0345842e+00
   1.0523528e+00
   9.7161461e-01
   8.2345935e-01
   1.1027950e+00
   1.0108622e+00
   8.4183732e-01
   1.1265587e+00
   8.1924646e-01
   1.0586550e+00
   1.0334519e+00
   8.7978986e-01
   1.1181830e+00
   8.6510899e-01
   7.8467494e-01
   4.4738274e-01
   7.9238583e-01
   8.3196155e-01
   1.0741718e+00
   8.5254345e-01
   1.0040758e+00
   8.7002602e-01
   1.1066802e+00
   8.2705254e-01
   1.3553092e+00
   8.7227447e-01
   9.5607889e-01
   1.2039946e+00
   1.2791046e+00
   8.2924510e-01
   1.3689614e+00
   1.0963499e+00
   1.0851330e+00
   8.0984905e-01
   8.0557958e-01
   1.0415615e+00
   8.8272384e-01
   1.1151295e+00
   1.0362902e+00
   9.0664022e-01
   7.8823748e-01
   1.1632230e+00
   8.6917999e-01
   8.7924126e-01
   8.7238775e-01
   9.6909992e-01
   9.0809965e-01
   1.0109625e+00
   1.1046258e+00
   1.0457508e+00
   9.1106894e-01
   8.2784977e-01
   9.8162267e-01
   9.5745291e-01
   1.1293759e+00
   1.2759107e+00
   1.0844840e+00
   8.6866028e-01
   7.7869204e-01
   9.1083761e-01
   1.2743202e+00
   7.8800550e-01
   1.3162696e+00
   1.0053923e+00
   1.2640935e+00
   8.3876990e-01
   8.7699301e-01
