   5.0646073e-01
  -1.0389254e-01
   2.4447861e-01
   7.4374125e-02
   9.5716184e-02
   3.3987507e-02
   1.3219445e-01
   1.4600529e-01
   1.8710757e-01
   6.0444473e-02
  -5.3501243e-02
   5.0857994e-02
   3.7834693e-02
   4.6804054e-01
   2.4143305e-01
  -2.2740145e-01
   2.4050734e-01
   2.1764016e-01
   1.8662379e-01
   1.1758530e-02
  -2.6251560e-01
   3.0911994e-01
   1.9375242e-02
  -6.2090968e-02
   1.2046688e-01
  -7.4970856e-02
   6.4745089e-01
   7.0279634e-01
   6.8857923e-01
   6.9124396e-01
