   1.6490883e-01
   1.0530888e-01
   3.2559999e-01
  -1.6457322e-01
   1.2356339e-01
   2.1490604e-01
   9.6529808e-02
  -6.6405604e-01
   4.1609750e-03
  -8.2041994e-02
   1.5770389e-01
   2.4213520e-01
   3.7094367e-02
  -1.0560810e-02
  -3.1551690e-01
   1.2202784e-01
   1.2323507e-01
   2.3048766e-01
   9.3317558e-02
   2.4909800e-01
   5.8004545e-01
   5.9241750e-01
   3.3211357e-01
   6.0418817e-02
   2.0256796e-02
  -4.7746607e-02
   7.6043647e-01
   4.6812802e-01
   3.7124226e-01
   4.9777805e-01
   3.1447136e-01
   9.0761363e-01
   1.6854783e-01
