   1.3417239e+00
   7.3852586e-01
   7.5838579e-01
   7.3276823e-01
   8.1688431e-01
   8.7973875e-01
   1.3134803e+00
   8.6021918e-01
   7.5140948e-01
   8.8046258e-01
   1.3764691e+00
   9.2561272e-01
   1.0697601e+00
   2.8459898e+00
   8.9401603e-01
   9.4398564e-01
   9.3702819e-01
   1.7042311e+00
   8.3575747e-01
  -1.9988630e-01
  -2.0912724e-01
   9.7862867e-01
   1.1033445e+00
   9.7515253e-01
   1.1912749e+00
   8.0965978e-01
   1.4939779e+00
   8.8836479e-01
  -2.3702951e+00
   5.3406985e+00
  -3.3488488e-01
   5.3734214e+00
   9.3966176e-01
   6.8104493e-01
   1.0491080e+00
   1.7537618e+00
   7.0627552e-01
   6.6337561e-01
   9.4460568e-01
   5.9609190e-01
   5.8852394e-01
   1.4886588e+00
   8.4202708e-01
   7.6751777e-01
   9.1100547e-01
   8.3038301e-01
   9.2953062e-01
   1.2627342e+00
   1.6324723e+00
   9.3042925e-01
   8.7867962e-01
   1.0944882e+00
   8.0424195e-01
   9.7571272e-01
   9.0312140e-01
   1.1412657e+00
   1.0608699e+00
   1.1832371e+00
   9.3901024e-01
   9.5506891e-01
   9.1718909e-01
   8.0244607e-01
   9.6789388e-01
   7.5487862e-01
   1.1784326e+00
   1.1556930e+00
   1.0769992e+00
   1.3062701e+00
   9.0705310e-01
   8.0235033e-01
   9.1831035e-01
   1.0207654e+00
   1.0757883e+00
   9.8959068e-01
   1.0401322e+00
   1.4459793e+00
   9.0069371e-01
   9.8090168e-01
   1.2783012e+00
   1.1901470e+00
   9.3263873e-01
   1.0888336e+00
   8.4981193e-01
   8.2809656e-01
   1.3871275e+00
   1.1061996e+00
   1.2943193e+00
   9.7946566e-01
   8.8410903e-01
   1.3107694e-01
   2.7747811e-01
   1.8394215e-01
   1.1881282e-01
   5.1852525e-02
  -4.1410492e-01
  -3.4485060e-01
   1.5443992e-01
   8.8088449e-02
   8.7319271e-02
   3.6975395e-01
   1.7900157e-01
   3.1361986e-01
   1.5395942e-01
  -5.2806592e-01
   7.6683802e-02
   4.1817821e-01
   8.6316562e-02
   2.7893425e-01
  -4.4770582e-01
   1.5798904e-01
   3.3414291e-01
  -5.9010216e-01
   1.3630568e-01
   6.6194308e-02
   2.4197062e-01
  -7.0298479e-03
   1.5779063e-01
   3.7697117e-01
   4.2614785e-02
   2.2479829e-01
   2.1483966e-02
   2.4980536e-02
   2.7501470e-01
   3.1207533e-01
   2.2046789e-01
   2.6771224e-01
   3.7200105e-01
   1.5450970e-02
   2.8713528e-01
   2.9444051e-01
   2.5673857e-01
  -4.4199997e-02
   3.1722149e-02
   3.7410367e-02
   1.3082843e-01
   1.7781880e-01
   2.0185187e-02
   5.5189906e-02
   2.6633085e-01
   2.9175113e-01
   5.7809548e-02
  -1.4757311e-01
   2.1910262e-01
   3.4923274e-01
  -1.7739495e-03
   1.6040903e-01
   1.7036134e-01
  -2.7220328e-01
   3.1816922e-01
   3.2044306e-01
   2.4210273e-01
   1.4815698e-01
  -1.7872289e-01
   3.0332215e-01
   4.0890281e-01
   2.2998272e-01
   3.1120649e-01
   1.2841078e-01
   2.1994313e-01
   5.3417961e-02
  -1.2283558e-01
   2.7875303e-01
   3.4274924e-01
  -7.0695548e-01
   5.1481036e-02
   2.5529731e-01
   1.4002424e-01
   1.1765042e-01
   3.7780160e-02
   2.6199122e-01
   3.1126555e-01
   2.4004029e-01
   2.9057886e-01
   3.6084500e-01
