   5.9654639e-02
   4.4740221e-01
   1.3331506e+00
   1.3230507e+00
   8.1175997e-01
   1.5884313e+01
   1.4152437e+00
   7.0298059e-01
   1.4700956e+00
   6.4584712e-01
   1.4093482e+00
   6.9398128e-01
   1.2228917e+00
   7.7316028e-01
   9.2552442e-01
   1.0281354e+00
   9.9529409e-01
   8.0148153e-01
   6.3366292e-01
   8.2716397e-01
   1.0279852e+00
   8.8539582e-01
   6.8885673e-01
   1.2836764e+00
   1.7391686e+00
   8.2591232e-01
   6.1378621e-01
   9.2534049e-01
   8.1126021e-01
   1.0062851e+00
   5.5026170e-01
   1.0930547e+00
   1.0571979e+00
   1.9462384e+00
   1.0504564e+00
   5.9709292e-01
   1.2190926e+00
   3.0482465e-01
   1.0102321e+00
   8.3254146e-01
   1.2069761e+00
   8.5794873e-01
   6.3289830e-01
   5.7441898e-01
   8.9189971e-01
   5.3225412e-01
   1.1210818e+00
   1.5092137e+00
   8.0371215e-01
   8.8298899e-01
   8.2701956e-01
   6.6729402e-01
   7.7664007e-01
   7.5740159e-01
   1.0550534e+00
   8.1296199e-01
   9.1032968e-01
   5.5191277e-01
   1.6679776e+00
   9.7739861e-01
   9.9614870e-01
