   3.4738384e-01
   2.3727069e-01
  -5.0593926e-03
  -1.7490479e-01
   1.7418611e-01
   1.4826871e-01
   1.8890443e-01
   8.8759738e-02
  -2.8655179e-01
   1.5045883e-01
   6.7055291e-03
   1.9603601e-01
  -2.4717025e-01
  -5.1538706e-02
  -2.7755492e-02
  -3.9374647e-02
  -1.1132575e-02
   1.9106354e-02
   1.3299999e-01
  -4.5527715e-01
   7.3273667e-02
  -5.6439316e-01
   4.7275959e-02
  -1.2227260e-01
  -3.3378330e-01
   1.3207525e-01
   8.3698179e-02
   1.4672268e-01
   2.4771844e-02
   1.8216968e-01
  -2.0410688e-02
  -6.4193053e-02
   2.2334750e-01
   2.2498238e-01
   3.9069072e-01
   3.8244249e-01
   1.0168102e-01
   7.1826344e-03
   1.2856946e-01
   9.7810572e-02
   1.9299291e-01
   9.3697182e-02
   8.4487730e-02
  -4.2853432e-02
   5.7191812e-02
   8.2418339e-02
   2.2815298e-01
