  -1.6005915e-02
   2.0259688e-01
   4.1996952e-02
   2.2364828e-01
   1.3362995e-01
  -7.9300967e-02
   2.2713177e-01
  -2.0804412e-02
   1.7322130e-01
  -1.3787060e-01
   9.4870204e-02
   8.8341112e-02
   3.5940086e-02
   1.5840075e-01
   4.8429027e-02
  -5.5450581e-02
   4.6870133e-02
  -1.3215374e-01
   4.5461970e-02
   1.4823417e-01
  -1.2871653e-01
   1.5344145e-02
   1.9162799e-01
  -8.7609676e-02
  -4.0981832e-02
   2.6195791e-02
  -2.1525610e-01
  -1.5660142e-01
  -1.2717596e-01
   3.8134689e-02
  -1.3721988e-01
   1.1566661e-01
  -3.4250039e-01
  -4.5309705e-01
  -1.3407433e-01
  -1.2057459e-01
  -1.0518757e-01
  -1.3077572e-01
  -1.0002233e-01
   8.1054995e-03
   3.6176787e-01
   1.0141509e-01
   2.5825511e-02
  -1.7427242e-01
  -1.4314100e-01
   5.5019134e-02
   4.0811216e-03
  -9.1528849e-02
  -3.8586859e-02
  -3.0984641e-02
  -2.6032415e-02
  -1.9079025e-01
  -7.8541218e-02
  -4.4183109e-02
  -1.0528201e-01
  -6.4990314e-02
  -1.6378654e-01
   6.1878626e-02
   1.4643086e-01
  -3.5121626e-01
  -7.4446996e-02
   1.1789965e-01
  -1.1137494e-01
   4.2205944e-02
   2.4635850e-01
   1.0474551e-01
   9.0471766e-01
  -6.3978400e-02
  -5.4761361e-02
   1.2091485e-01
