   6.7898433e-01
   5.8793649e-01
   7.5039100e-01
   6.9064928e-01
   5.0098295e-01
   6.6271485e-01
   5.9341241e-01
   7.3730717e-01
   6.5634579e-01
   5.2854180e-01
   7.1327249e-01
   5.9134466e-01
   4.7369206e-01
   6.5632653e-01
   6.5697780e-01
   5.5129875e-01
   6.2009290e-01
   6.3761484e-01
   7.4339498e-01
   5.9518405e-01
   6.9519461e-01
   6.6738451e-01
   6.5120089e-01
   5.5691067e-01
   8.0348726e-01
   6.9897446e-01
   6.4081503e-01
   1.3023709e+00
   7.1221230e-01
   7.0955415e-01
   7.8136983e-01
   7.0095253e-01
   8.4612433e-01
   7.2879783e-01
   7.7088315e-01
   6.8277842e-01
   8.2016039e-01
   8.9973443e-01
   6.3368926e-01
   7.7916519e-01
   7.4810793e-01
   7.2039855e-01
   6.7612414e-01
   6.5401008e-01
   7.8125962e-01
   7.1209485e-01
   7.6174430e-01
   6.8851213e-01
   8.3414761e-01
