   1.1319425e-01
   2.6838737e-01
   7.7033420e-02
   2.9046640e-01
   5.1342832e-02
   2.5010427e-01
   4.2224160e-02
   2.7405892e-01
   1.7749352e-01
  -1.9035173e-02
   2.2270440e-01
  -1.8688408e-02
  -1.2655393e-01
   1.9203287e-01
   6.9075706e-02
   8.6072767e-03
   5.5381962e-02
  -1.9973905e-02
  -2.9228913e-01
   1.4490877e-01
   1.5208469e-01
   1.0611227e-01
   8.0916119e-02
  -1.3303635e-01
   9.7001458e-02
  -1.0724832e-01
  -3.8388052e-02
   2.2520737e-01
  -7.7445368e-02
   1.1179227e-01
   4.7048697e-02
   7.9976289e-02
   2.5998653e-01
  -2.0570332e-01
   6.7045663e-02
   3.6311415e-01
   2.3274143e-01
  -6.7660934e-02
   5.5883874e-01
   1.4618826e-01
  -1.4918503e-02
   9.4234864e-02
   6.1833914e-02
  -1.1035739e-01
   1.7847293e-01
   9.9118993e-02
  -1.5399906e-01
  -2.7295895e-01
  -2.3057427e-01
   2.4008147e-01
   1.5631999e-01
  -1.8360012e-02
   1.8775125e-01
   9.9815727e-01
   5.4182055e-01
   7.8371092e-01
   9.0379847e-01
  -3.9057740e-01
  -3.0213632e-02
  -3.4193492e-02
   3.5795058e-01
   1.7590559e-01
  -1.9086910e-02
   3.0188189e-01
  -2.7221425e-01
  -1.1442902e-02
   1.3476083e+00
   6.5581973e-01
   3.2073467e-01
   5.1245246e-01
  -3.0865757e-01
   7.5221039e-02
   2.0184175e-01
  -7.8160303e-01
   5.8827676e-02
   3.6647125e-01
  -1.3449021e+00
  -1.9618518e-01
   5.2364101e-01
   4.9023949e-01
  -1.4020031e-01
   1.3418843e-01
   2.2899855e-01
   2.2195060e-01
   5.3881449e-02
   2.2319207e-01
  -1.7582579e-02
   1.3869670e-02
   9.0851684e-02
   1.1243530e-01
   1.1895232e-01
   4.5770874e-02
   2.2776886e-01
  -2.7722936e-01
  -1.0306905e-01
   5.5337039e-02
   4.2264496e-02
   1.8027107e-01
   1.9785042e-01
  -8.6380913e-02
   1.7501395e-01
   2.0315438e-01
  -2.7175703e-01
   4.0064809e-02
  -2.0917851e-01
   2.8219517e-01
   2.1942047e-01
   2.3082178e-01
   3.4132085e-01
  -3.9900286e-02
   9.0851855e-02
  -3.7117406e-01
  -1.2531232e-01
  -4.6329638e-01
   8.5831132e-03
  -1.1594726e-01
   8.5918157e-02
  -7.9268443e-03
   2.6977222e-02
  -1.6253205e-01
   2.6932619e-01
   1.1557226e-01
   1.2975278e-01
   4.0062359e-02
   7.0820207e-02
  -4.9666108e-02
  -2.8536672e-01
   1.1570953e-01
   1.3530131e-01
  -1.2834724e-01
  -1.6613225e-01
  -4.3611945e-02
  -1.2912805e-02
   2.4551616e-01
  -4.5380289e-01
   3.6624069e-01
  -6.6424349e-03
   1.1765691e-02
   1.9270163e-01
  -4.4087302e-02
