   6.2041308e-01
   7.0470478e-01
   5.0759850e-01
   7.2871266e-01
   8.3315592e-01
   5.0106381e-01
   5.2252190e-01
   5.3175970e-01
   9.0206466e-01
   6.0521706e-01
   6.4067092e-01
   7.6355638e-01
   7.4961223e-01
   6.9144141e-01
   8.2015655e-01
   8.8411542e-01
   7.1812338e-01
   9.4173392e-01
   4.2468134e-01
   7.9320638e-01
   6.4868484e-01
   6.9935462e-01
   4.5496327e-01
   3.9104098e-01
   6.6600004e-01
   9.3991694e-01
   5.2668449e-01
   1.6897501e-01
   7.4177314e-01
   6.1457957e-01
   3.0583627e-01
   8.6678583e-01
   7.1508133e-01
   8.5443634e-01
   7.1264437e-01
   5.8882398e-01
   6.6699537e-01
   7.3319846e-01
   7.4261419e-01
   7.5669516e-01
   7.1233988e-01
   6.0783961e-01
   4.6235952e-01
   7.3918222e-01
   8.9977876e-01
   8.3235940e-01
   9.6598426e-01
   7.4167960e-01
   6.9792084e-01
   8.2163903e-01
   8.8644570e-02
   1.9596331e-01
  -1.3969328e-01
   2.7301288e-02
   4.3795951e-01
   4.3897208e-02
