  -1.3242303e-01
  -4.5663753e-02
   1.2585650e-01
   1.4212592e-01
  -3.4658138e-02
  -2.4383790e-02
  -2.0134451e-01
  -1.3054888e-01
  -2.1600231e-02
  -3.1050647e-03
   8.0874505e-02
   8.4807456e-02
   4.3715837e-02
   8.4764032e-02
   1.3355670e-01
   3.6209748e-01
   1.2111968e-01
   9.1806247e-02
  -3.9108246e-01
   2.9418480e-01
  -1.6283540e-01
   1.2295633e-01
   5.2749816e-02
   6.6501077e-02
   2.5731412e-01
   8.2199943e-02
   8.5396556e-02
  -5.9420079e-01
   4.0689966e-01
  -5.9783986e-02
