   5.6596279e-01
   7.1441117e-01
   6.3465640e-01
   6.3739160e-01
   6.3519035e-01
   6.4017940e-01
   4.3923132e-01
   3.8233769e-01
   1.0420162e-01
   1.6136682e-01
   2.1774335e-01
  -1.7651351e-01
   5.1727211e-02
   1.7175451e-01
   2.8719828e-01
   1.9647621e-01
   1.7243208e-01
   2.3331417e-01
   3.7704133e-01
   1.5037453e-01
   1.4714258e-01
   6.3992123e-02
   7.1317720e-02
   2.7728777e-01
   1.6196100e-01
   8.6984676e-03
   2.1659250e-01
   3.0624558e-01
   2.7974902e-01
   1.5395501e-01
   2.6180701e-01
   2.5921530e-01
   2.6313469e-01
   6.9356448e-02
   2.2419310e-01
   2.4087374e-01
   2.7079824e-01
  -1.8401294e-02
   1.4816955e-01
   3.0884757e-01
   1.5562478e-01
   1.2729300e-01
   6.3245226e-02
   2.9534339e-01
   2.1248091e-01
   2.2575829e-01
   3.0688380e-02
   4.0223155e-02
