   3.4542080e-01
   1.9828160e-01
   3.5979070e-01
   1.1844585e-01
   2.5040662e-01
   2.2010630e-01
   4.5232987e-01
   6.7861331e-01
   7.1174994e-01
   9.6125844e-01
   1.2063382e+00
   7.4618732e-01
   2.7107628e-01
   3.1834837e-01
   1.5483896e-01
  -8.2599741e-02
   5.8909610e-02
   4.2837540e-01
   1.2941758e-01
   1.2054301e-01
   2.9518861e-01
   1.7284883e-01
   1.4397689e-01
   1.1470078e-01
  -4.4728968e-02
   1.9432313e-01
   3.3713069e-01
   1.6601547e-01
   1.3403004e-01
   1.7744166e-01
   1.4436739e-01
   4.0989523e-01
  -4.2316266e-01
   1.2967860e-01
   2.4087151e-01
   3.9280161e-01
  -1.2556807e-01
  -2.9768249e-01
   2.3409090e-01
  -7.5532615e-02
   1.9229849e-01
   5.0295890e-01
  -1.1457347e-01
   1.1356506e-01
  -2.0870941e-02
   2.1402937e-01
   5.7278336e-02
   2.2319906e-01
   1.2915385e-01
   6.7388082e-02
   1.6690884e-01
  -9.0777704e-02
   2.5773383e-01
   1.0802507e-01
   2.0788315e-01
   3.0590861e-01
  -4.4313843e-02
  -1.8191867e-02
   9.6527573e-02
   2.8695337e-01
   8.9516115e-02
   2.4900305e-01
   1.3703473e-01
  -1.6042618e-01
   5.6298859e-01
   3.1526889e-01
   1.8437986e-01
  -2.9623525e-02
   5.5363504e-01
  -3.6058196e-02
   8.8188563e-02
  -9.5894515e-02
  -7.6130805e-01
   1.5860515e-02
   2.3557276e-01
  -4.9129598e-01
   2.2730023e-01
  -3.0049215e-03
   1.9770214e-01
  -1.4037646e-01
  -2.3479519e-01
   1.2747782e-01
