   6.6411286e-01
   9.0960902e-01
   7.1776476e-01
   4.9829050e-01
   7.9518350e-01
   3.8250308e-01
   6.6073104e-01
   6.4351155e-01
   7.8997691e-01
   6.2932378e-01
   6.0230643e-01
   6.8508613e-01
   6.4023610e-01
   7.2374493e-01
   5.7892820e-01
   7.8176143e-01
   6.9864500e-01
   9.5441711e-01
   6.6938558e-01
   8.7417257e-01
   6.2419068e-01
   8.2075292e-01
   6.0376300e-01
   7.2532737e-01
   6.9444190e-01
   8.7751503e-01
   7.8558951e-01
   6.9350098e-01
   5.0276403e-01
   6.8659597e-01
   5.3092838e-01
   7.7540883e-01
   6.2489580e-01
   7.2710927e-01
   5.4351178e-01
   6.5048909e-01
   6.0356043e-01
   6.7453291e-01
   5.8304850e-01
   7.6641904e-01
   6.2701836e-01
   3.8576678e-01
   6.4494550e-01
   6.6203897e-01
   7.6698757e-01
   7.0118791e-01
   7.6999806e-01
   7.5124473e-01
   6.0816937e-01
   7.1587534e-01
   7.9565209e-01
   6.4882122e-01
   7.0481977e-01
   7.2657021e-01
   7.7451901e-01
   5.8400381e-01
   6.3348902e-01
   5.3076129e-01
   5.9872959e-01
   7.7212544e-01
   6.4929573e-01
   8.5890126e-01
   6.3239694e-01
   7.3133378e-01
   6.1596844e-01
   6.8226959e-01
   7.2393268e-01
   6.4366883e-01
   6.6745810e-01
   7.5954186e-01
   7.5135250e-01
   8.3205520e-01
   7.2426870e-01
   6.1371761e-01
   7.3694810e-01
   1.0126382e+00
   7.3528142e-01
   6.7330193e-01
   8.1985261e-01
   5.7168137e-01
   7.5626715e-01
   6.6359350e-01
   8.5699187e-01
   8.3294856e-01
   7.8619655e-01
   9.9075667e-01
   9.1090500e-01
   3.4387989e-02
   2.4264924e-01
   1.6321519e-01
   2.5526070e-01
   1.3861368e-01
   2.0704787e-01
   1.2841845e-01
  -1.3503599e-01
   1.2986868e-01
  -5.0261052e-02
   1.0206807e-01
   9.9110583e-02
   6.5563297e-02
  -2.6746916e-03
  -1.3554351e-02
  -5.8410466e-03
   1.0823218e-01
  -2.0280450e-02
  -1.7170238e-01
   5.3246476e-02
   2.9711848e-01
   2.0798802e-01
   2.5237208e-02
  -1.7236351e-02
   4.8584600e-02
   8.6830823e-02
