   1.1870749e-01
   1.4945779e-01
   2.7946102e-01
   2.0945663e-02
   1.6339154e-01
   3.0014765e-01
   3.4694819e-01
   3.7380662e-01
   6.9696187e-03
   1.7088550e-01
   2.8856629e-01
  -3.3477239e-02
   3.8554791e-01
   2.4567950e-01
   2.1429389e-01
   3.1388582e-01
   3.5087539e-01
   3.2841464e-01
   3.4308232e-01
   2.9639780e-01
   1.5689583e-01
   2.3022772e-01
   6.9167525e-01
   8.7702299e-01
   2.0850443e+00
   8.7271057e-01
   2.7381595e-01
   1.4751224e-01
   4.0834903e-01
   3.6329060e-01
   1.1555440e-01
   4.8994440e-02
   1.1153447e-01
