   3.4105523e-01
  -5.6699631e-02
   2.6416788e-01
   2.0021453e-01
   2.4314598e-02
   2.2116746e-01
   2.5140680e-01
   1.3989581e-01
  -1.8961393e-02
   5.3099840e-01
   7.8437902e-01
   7.3220487e-01
   5.6064524e-01
   1.4154630e-02
   4.7892897e-01
  -3.6661645e-02
   7.0373028e-01
   8.8296259e-01
   9.6190888e-01
   5.1054593e-01
   6.4652093e-01
   6.1649950e-01
   8.3737658e-01
   2.4578152e-01
   6.0557486e-01
   9.6650409e-02
   1.3964143e-01
   6.0813511e-01
  -1.0245367e-01
  -2.5572560e-01
   1.4227562e-01
   7.4626099e-01
   2.2874980e-01
   2.9833603e-02
  -5.5121928e-02
   1.3320015e-03
   2.0798241e-01
   1.2543292e-01
   9.6750624e-02
   2.0757860e-01
  -2.3123404e-02
   1.7078189e-01
   5.6069879e-02
   1.5144611e-01
   3.9226330e-01
   3.2829236e-01
   8.7595070e-02
   1.3447628e-01
   2.3465754e-01
   3.2022381e-02
   1.4497859e-01
   1.3064854e-01
   1.6328663e-01
   2.0760832e-02
   1.7735990e-01
   4.3270418e-01
   2.5140073e-01
   2.6065127e-01
   3.9591301e-01
   8.2537622e-01
   6.6537277e-01
   6.4316779e-01
   5.6111685e-01
   3.8976325e-01
   1.4730589e-01
   1.9886158e-01
   3.1398462e-01
   1.9215552e-01
   3.3100695e-01
   2.5762185e-01
  -2.8344249e-02
   1.5574328e-01
   1.6094780e-01
  -3.3512340e-02
   1.7750593e-01
   6.5976871e-01
   1.1227682e-01
   3.7366519e-02
   2.9719825e-01
   2.5929710e-01
   3.2777785e-01
   1.7956873e-01
  -3.6610303e-02
   2.2880075e-02
   1.7501736e-01
   2.1229569e-01
   2.9039922e-01
   1.2879702e-01
   2.3661760e-01
   1.6410632e-01
   1.5966590e-01
   1.3823952e-01
  -1.5275098e-01
   2.5647201e-01
   3.2315513e-01
   2.3048972e-01
  -7.7656146e-01
   1.7898705e-01
   6.4730694e-02
   1.4466816e-01
   2.0422212e-01
   2.3854598e-01
   4.8581329e-02
  -1.5485629e-01
   1.6939896e-01
   1.5879456e-01
   1.9665967e-01
   4.5410064e-03
   2.0686765e-01
   1.5299600e-01
   5.8365197e-02
   1.3636091e-01
   2.6530660e-01
   3.7215713e-01
   2.3833835e-01
  -2.2334111e-01
   2.3759484e-01
   3.6526712e-01
   5.0673817e-01
   8.7633740e-01
   7.4192220e-01
   6.2259917e-01
   4.8956511e-01
   7.0962459e-01
   3.7884213e-01
   7.9797939e-01
   6.1980498e-01
   6.3194873e-01
   6.0180978e-01
   5.2176524e-01
   8.2630878e-01
   6.8047900e-01
   6.8686372e-01
   8.3925935e-01
   7.0689973e-01
   7.6852080e-01
   7.3509624e-01
   6.7623566e-01
   4.8965247e-01
   9.6781767e-01
   7.0586411e-01
   6.5927428e-01
   6.5158455e-01
   6.0442770e-01
   6.7007724e-01
   4.2500169e-01
   6.9655336e-01
   5.7139927e-01
   6.6666926e-01
   8.6442358e-01
   5.9684687e-01
   7.5985576e-01
   7.6415499e-01
   7.4250380e-01
   6.2974349e-01
   5.6560470e-01
   6.7432962e-01
   5.5946221e-01
   7.4219603e-01
   7.1063362e-01
   5.6683065e-01
   6.8731081e-01
   6.4349914e-01
   6.1839633e-01
   6.4729587e-01
   5.4260721e-01
   5.2694355e-01
   7.1437691e-01
   6.7147074e-01
   8.1036924e-01
   5.6584989e-01
   6.0043987e-01
   7.1911095e-01
   7.8150279e-01
   3.9345994e-01
   7.0310676e-01
   8.3812835e-01
   7.9958112e-01
   6.3699735e-01
   7.4999745e-01
   7.2950610e-01
   5.2286760e-01
   6.4896945e-01
   4.9116633e-01
   7.2552578e-01
   4.8269922e-01
   6.8365252e-01
   5.1528167e-01
   5.6594684e-01
   7.5213778e-01
   7.8979466e-01
   7.0455414e-01
   5.8717632e-01
   6.5206565e-01
   6.8541314e-01
   6.4757343e-01
   7.1987665e-01
   7.6713132e-01
   5.4307540e-01
   6.7745100e-01
