   1.2440681e+00
   9.3809058e-01
  -8.4220084e-02
   9.0679098e-01
   2.2907753e-01
   9.2912858e-01
   6.9160926e-01
   9.5353642e-01
   1.1766535e+00
   1.0315905e+00
   1.2904191e+00
   8.5884065e-01
   1.3197204e+00
   6.9220581e-01
   1.2334441e+00
   9.2949157e-01
   3.2503024e-01
   9.4010915e-01
   8.9705408e-01
   7.8685061e-01
   9.5296388e-01
   1.2259527e+00
   9.4504851e-01
   3.4011525e-02
   9.2896781e-01
   1.6000201e-01
   6.2572728e-02
   6.1642829e-02
   1.3780545e-02
   7.4932138e-02
   1.0302618e-01
   1.8185684e-01
   1.0118540e+00
   5.7618624e-01
   9.2982836e-01
   1.6734209e-01
   2.8677901e-01
   2.5226947e-01
   9.7542699e-02
