   6.7483336e-01
   9.6852367e-01
   9.3838982e-01
   7.0697792e-01
   8.4382792e-01
   8.8433312e-01
   1.0286816e+00
   6.7929822e-01
   9.2994856e-01
   8.6118259e-01
   7.8227874e-01
   9.3894595e-01
   8.8731098e-01
   6.7708872e-01
   8.7287776e-01
   8.8831708e-01
   9.2790250e-01
   9.9180984e-01
   8.8560381e-01
   8.1655080e-01
   5.7543496e-01
   6.6278040e-01
   7.7609107e-01
   8.4866365e-01
   8.9442261e-01
   9.1696373e-01
   8.3526642e-01
   1.0479290e+00
   9.1784785e-01
   8.5783343e-01
   8.6644059e-01
   9.3583406e-01
   8.2162138e-01
   1.1486523e+00
   1.0302756e+00
   9.6012677e-01
   7.7979266e-01
   6.4383324e-01
   4.5639125e-01
   5.1284805e-01
   5.9210783e-01
   9.1877864e-01
   1.1578407e+00
   5.9045983e-01
   8.7732130e-01
   8.8683754e-01
   8.7006594e-01
   5.7252972e-01
   8.2270422e-01
   7.9656882e-01
   8.6517841e-01
   7.3308349e-01
   6.7633445e-01
   8.0082028e-01
   7.6189334e-01
   8.4261429e-01
   8.9444802e-01
   8.9755544e-01
   9.2302439e-01
   9.0401403e-01
   7.7328977e-01
   8.7588145e-01
   8.6302636e-01
   8.8787286e-01
   8.8843645e-01
   1.0287954e+00
   7.6046168e-01
   8.1004096e-01
   8.4607745e-01
   9.0267278e-01
   9.7278564e-01
   1.0200399e+00
   7.9797101e-01
   1.0119264e+00
   7.7881000e-01
   7.4762068e-01
   8.9636975e-01
   8.6506847e-01
   8.2803561e-01
   7.7606891e-01
   8.9029286e-01
   8.3263597e-01
   8.0546524e-01
   8.8018271e-01
   8.6646651e-01
   7.8660580e-01
   8.7720820e-01
   8.5802259e-01
   1.0411943e+00
   8.5191761e-01
   8.1152912e-01
   1.0964159e+00
   9.5323411e-01
   7.9468857e-01
   8.5397230e-01
   9.2592974e-01
   8.6880539e-01
   1.1576079e+00
   9.3662181e-01
   9.7797591e-01
   9.5760148e-01
   8.0657333e-01
   7.2618402e-01
   7.3268071e-01
