   1.1454217e-01
  -2.0622036e-01
   1.1043496e-01
   2.0538375e-01
   2.8204237e-02
   9.2653396e-02
   1.4520168e-01
  -1.2186708e+00
  -7.4593645e-02
   1.6648040e-01
   1.1878592e-01
  -5.4886039e-02
   1.4934782e-01
   8.6971509e-01
   5.3730582e-01
   1.0499305e+00
   8.3709205e-01
   8.1292647e-01
  -2.2478257e-01
   2.3395737e-01
   1.1292142e-02
   2.7234107e-01
   1.7130420e-01
   1.8555331e-01
   3.7787092e-01
   1.0942067e-01
   2.4387339e-01
  -1.9897239e+00
  -1.6872300e-01
  -3.6311233e-01
  -3.2330644e-01
   6.9401243e-02
   1.9502110e-01
  -6.2213511e-02
   2.9665661e-01
   3.7139067e-01
   1.1919826e-01
   1.3287953e-01
  -1.0943779e+00
   2.3593447e-01
   1.3778127e-01
  -1.6635489e-01
   2.0152985e-02
  -1.5039063e-01
   1.7955404e-01
   9.3254777e-03
   1.6633947e-01
   1.3281316e-01
  -5.6349448e-02
  -1.1170015e-02
  -2.2876645e-02
   7.1160054e-02
   3.1918916e-02
  -8.0199026e-02
  -2.0364995e-01
   6.7436025e-02
   1.3584050e-01
   3.4741576e-01
   1.7010750e-02
   2.5633069e-02
   8.1302082e-03
  -1.1630669e-01
   3.6679037e-02
   2.3089652e-01
   5.1567504e-02
  -3.0232086e-01
   1.8160055e-01
  -1.2545817e-01
   1.9964681e-02
  -2.5112099e-01
   1.8120355e-02
  -2.7741799e-01
   1.6802574e-01
   1.1912172e-01
  -1.0208754e+01
  -2.2122470e-01
  -6.3635429e-02
  -2.3361897e-01
   2.2242865e-02
   2.6512969e-01
   1.3496029e-01
   1.0654180e-02
   1.0179309e-01
  -1.0240101e-01
   6.8227200e-02
   2.7691459e-01
  -2.8879281e-01
  -4.7891925e-01
  -7.3980196e-02
  -3.4641708e-01
  -5.1214591e-01
   1.0490485e-01
  -2.0194136e-01
  -2.0236274e-02
   1.5226797e-02
   2.8221253e-01
   6.8398913e-02
   7.6898676e-02
   1.8964119e-01
  -2.4874159e-01
  -1.2628277e-01
   1.0189008e-02
  -1.1995066e-01
  -5.7026809e-01
  -1.9716309e-01
  -1.7397766e-01
  -2.5137740e-01
  -2.7763412e-01
  -1.4553874e-02
  -2.0395371e-01
  -5.0474420e-01
  -1.0112317e-01
  -4.7459249e-01
  -1.7436917e-01
   2.1208299e-01
  -7.9480224e-03
  -2.3119684e-01
  -4.9816248e-02
  -2.3599773e-01
   2.9459415e-01
   2.2594715e-01
   1.6186101e-01
  -5.1309863e-03
  -6.4679553e-01
  -1.3592034e+00
  -4.5470168e-01
  -1.9667977e+00
   2.5497316e-01
   4.5211476e-02
   1.0494898e-01
   1.0451082e-01
   3.0272375e-04
  -3.4838734e-01
   7.9086074e-02
   9.3516815e-02
   7.7114515e-02
  -7.9459220e-02
  -1.7378527e-01
  -8.3342931e-02
  -2.3755935e-01
  -2.0083418e-01
   6.2065964e-02
  -2.1207784e-01
   1.5554702e-01
  -8.7748852e-01
   7.2566289e-02
  -6.5295067e-02
   1.9314970e-02
  -1.1193799e-01
   2.1458435e-01
  -5.0146207e-03
   4.1104776e-01
  -9.2847725e-01
  -1.6382264e+00
  -8.4890311e-01
  -1.0250378e+00
  -2.9036332e-01
  -5.4890039e-01
   2.6360258e-02
  -1.1144552e-02
   2.2312877e-01
  -2.0094794e+00
   2.1058487e-01
  -2.5895794e-01
   2.0790438e-01
   1.0507014e-01
