  -1.3720391e-02
   5.2350757e-01
   5.1663594e-01
   4.3474335e-02
  -5.7527462e-02
   7.0578744e-02
  -2.8668458e-01
  -8.6762360e-02
  -5.9045270e-01
   9.8972675e-02
  -4.6268701e-02
   1.3385457e-01
   7.0390787e-02
   2.2458180e-01
   4.8313533e-01
  -7.6341576e-02
  -7.5353055e-01
   1.2143587e-01
   6.8600483e-01
  -6.0737598e-01
   1.0188798e+00
   7.4357703e-01
   8.1692968e-01
   2.4141824e-01
   1.1110480e+00
   9.3142261e-01
   1.0023037e+00
   8.7682961e-01
   8.2565417e-01
   7.2276866e-01
   2.1478887e+00
   8.9010361e-01
   1.0596837e+00
   1.2131367e+00
   1.1404633e+00
   1.4351452e+00
   1.0590419e+00
   8.9861778e-01
   9.2419780e-01
   9.1757426e-01
   8.2362811e-01
   9.7134150e-01
   1.0223898e+00
   1.6326359e+00
   1.2426822e+00
   1.1249473e+00
   1.1628730e+00
   1.0423417e+00
   8.1475018e-01
   9.1388274e-01
   9.1311310e-01
   7.4460454e-01
   9.0321165e-01
   9.4887540e-01
   1.3893963e+00
   1.0814304e+00
   6.1812268e-01
   1.0690888e+00
   9.8866247e-01
   1.1223238e+00
   8.9410702e-01
   9.9131132e-01
   5.2840565e-01
   5.7921219e-01
   5.3885719e-01
   9.0050984e-01
   6.2989511e-01
   4.8931490e-01
   6.6623394e-01
   5.5622817e-01
   3.5218881e-01
