   3.2389153e-02
  -3.1865517e-03
  -4.8018293e-02
  -3.1809261e-01
   7.9789985e-02
   2.9008260e-01
   1.7594656e-01
  -1.8816443e-01
  -8.6573618e-02
   2.5431595e-01
  -7.7905864e-02
   1.9456786e-02
   1.8573066e-01
  -3.6151543e-01
  -1.4112013e-01
   2.1174933e-01
   2.7432011e-01
  -8.4662763e-02
   9.7445564e-02
   9.6626253e-02
  -1.4698309e-01
  -1.8830245e-01
   1.1314433e-01
   8.2389208e-02
   1.0194300e-01
   1.4205948e-01
   7.8618319e-01
   6.6006358e-01
   4.1976573e-01
  -4.9596707e-02
   6.5556661e-01
   6.6443415e-01
   2.1540577e-01
   1.9858760e-01
   8.2532348e-02
   7.7813606e-02
   3.9488336e-01
   5.2095080e-01
   9.0491401e-01
   8.7041368e-01
   7.6356807e-01
   9.2045633e-01
   8.0997895e-01
   8.9556845e-01
   8.5777647e-01
   8.4355353e-01
   7.5246771e-01
   9.2486315e-01
   5.8259081e-01
   3.0256705e-01
   4.3710554e-01
   8.7978111e-01
   8.7227860e-01
   7.2515213e-01
   8.3655272e-01
   8.3157916e-01
   9.2895725e-01
   1.0047965e+00
   2.5091076e-01
   8.1404823e-01
   8.9813623e-01
   9.2045297e-01
   7.0727271e-01
   3.2239432e-01
   3.5297550e-01
   9.3800586e-01
   9.6941829e-01
   4.6033882e-01
   1.2661364e-01
  -8.0787800e-02
   7.3946573e-02
  -1.7934612e-02
   2.7158238e-02
   3.0507204e-01
  -1.1831793e-01
   5.6533761e-01
  -3.2622545e-02
   7.8726533e-03
  -1.9066683e-01
   9.4334750e-02
  -4.5538729e-02
  -3.0214314e-01
   2.4805554e-01
   6.4656594e-02
   2.0602025e-01
  -3.7927889e-02
  -5.1687504e-01
  -1.0438964e-01
   1.9298905e-02
   7.7422712e-02
   2.2759243e-01
   3.6642957e-02
   2.1586926e-01
  -6.6382259e-02
  -1.8860959e-01
   5.1498783e-01
   8.5395964e-01
   6.4280402e-01
  -7.8982368e-02
  -1.5719113e-01
   1.4041349e-02
  -3.0108899e-02
   4.5661138e-02
  -3.4057934e-02
   4.0088782e-03
   1.3427694e-01
   1.1362123e-01
   2.8396522e-01
   5.9532598e-02
  -1.6729648e-01
  -3.6626709e-01
   6.2275601e-02
   7.6208142e-02
  -9.5871093e-02
   1.1628205e-01
  -1.5848306e-01
