  -2.9246664e-01
  -5.7071223e-01
  -4.8791274e-01
  -1.0784613e-01
   1.9357467e-01
   3.8514214e-01
   2.2665001e-01
  -2.0931360e+00
   5.6197230e-02
   2.6749990e-01
  -4.9074589e-04
  -5.1368115e-01
   2.5497824e-01
  -2.6083801e-01
  -9.1401270e-02
   3.5356060e-01
   3.4859467e-01
   8.6813949e-01
  -2.5144754e-01
   3.8570987e-01
  -1.4169350e-01
  -3.2806624e-01
   6.3694295e-02
   2.0251265e-01
   1.7740053e-02
  -5.0675232e-02
  -5.9854714e-02
   2.5612832e-01
  -2.4874256e-01
  -1.1933248e-01
  -3.4811284e-01
   1.3631566e-01
   2.3948884e-01
  -3.0638246e-02
   1.7103307e-01
   1.6315240e-01
  -6.5814435e-02
   1.2030627e-01
   7.1240903e-02
   1.2420796e-01
   2.3245543e-02
   4.0717696e-02
   2.1369473e-01
   8.4126802e-02
  -1.2949620e-01
   1.1963118e-01
  -1.9049835e-01
   1.6470469e-01
