   1.1165935e-01
   5.2539852e-01
  -3.7742705e-02
   2.9468507e-01
   8.7416733e-02
   3.9645768e-01
  -2.5688015e-01
   2.0016093e-01
  -3.0698743e-02
  -1.1896461e+00
  -2.3605196e+00
   4.6572503e-01
   8.3443525e-01
   9.0567955e-01
   9.1440217e-01
   1.6868124e-01
  -1.6322472e-01
  -5.5058410e-01
   8.8971973e-02
   7.5935929e-02
   1.9805000e-01
   1.7626502e-01
   2.5247064e-02
  -7.6560140e-02
   7.2480594e-01
   8.7786221e-01
   1.4456132e+00
   6.6007729e-01
   5.8746014e-01
   2.9522264e+00
  -8.5393387e-02
   4.4455945e-02
   1.8546227e-01
  -2.3549043e-01
   2.1983684e-02
  -1.3005587e-01
  -3.4522398e-01
   8.3460968e-02
   2.3383534e-02
   7.8059003e-02
  -3.7197601e-01
  -1.2991389e+00
   1.6494418e-01
  -1.5155341e-01
  -3.9231294e-01
   1.2570351e-01
