  -7.4998309e-01
  -1.2785316e-01
  -1.6623049e-01
   1.4888668e-02
   1.0012665e-01
   6.4017051e-01
  -3.5600956e-01
   9.4439097e-02
  -1.6640104e-02
  -6.5597885e-02
   2.8779463e-01
   8.7971545e-02
  -6.1817506e-01
  -5.4607483e-02
  -5.6306300e-01
   4.8096874e-02
   7.5318759e-02
  -1.4756140e-01
  -2.5480352e-01
  -1.4400397e-01
   1.1787145e-01
   1.1610884e-01
  -3.8609736e-01
   1.4624964e-02
  -3.2211923e-02
   9.5020841e-02
   2.3497888e-02
  -1.1699484e-01
   2.0392163e-01
   8.0325317e-02
   2.7938098e-02
  -1.0046474e-02
  -4.6545334e-02
  -1.4370765e-01
  -6.4084869e-04
   1.3204790e-02
   3.8032586e-02
   8.3559346e-02
  -1.4547613e-01
   4.2656558e-02
   2.3733476e-02
   1.1366714e+00
   8.4011246e-01
   3.1373365e-01
   6.4966631e-02
  -9.4024924e-02
   4.9873422e-01
   8.7136435e-01
  -8.0730784e-02
  -1.4027862e-01
  -5.7432431e-02
   1.0737765e-01
  -8.5940698e-02
  -2.2659008e-02
   3.3037268e-01
   5.9829794e-02
   9.4145750e-01
   7.8338783e-01
   8.2907309e-01
  -2.8257542e-01
   6.1789893e-02
   6.3601658e-01
   9.0303539e-01
   9.4966512e-01
   9.9914352e-01
   6.2356967e-01
   6.9897360e-01
   8.3083340e-01
   1.0196603e+00
   1.0901176e+00
   2.9918418e-01
