   3.6662656e-01
   4.5206742e-01
   3.6816241e-01
   3.8983687e-01
   2.7806789e-01
   1.3953825e-01
   2.5528597e-01
   2.5536012e-01
   3.5075164e-01
   1.4273115e-01
   3.5296976e-01
  -4.6953454e-02
   2.4949411e-01
   2.1693920e-01
   2.6439974e-01
   1.0134670e+00
   8.2919797e-01
   1.1726780e+00
   8.7886621e-01
   7.3260365e-01
   1.4865917e-01
   1.4005303e-01
  -1.3255952e-02
   2.4576509e-01
   1.0489487e+00
   7.6956416e-01
   6.2150155e-01
   9.0949811e-01
   6.3724233e-01
   1.1812869e+00
   1.0689071e+00
   7.2454652e-01
   1.0344195e+00
   9.5439319e-01
   7.5762349e-01
   4.7552772e-01
   2.5830297e-01
   2.3602392e-01
   1.2713693e-01
   1.5507582e-02
   2.5862560e-01
   1.6331323e-01
   2.9338751e-01
  -1.4919331e-01
   1.0774658e-01
   9.5118981e-02
   1.0301760e-01
   3.0037107e-01
   6.0365791e-02
