   5.1884910e-01
   8.4600990e-02
   1.1533364e-01
   1.9778271e-01
   3.6701412e-01
  -1.5620693e-03
  -1.6311355e-01
   4.2757435e-01
   9.7199178e-01
   1.4233556e-01
   6.8119563e-01
  -8.0410800e-01
   1.5684678e-01
   1.2704025e-01
   1.9592519e-01
   2.1667407e-01
   1.6810864e-01
   2.2828021e-01
   7.2406490e-02
   3.3197703e-01
   9.0805184e-02
   2.0990575e-01
  -3.7683741e-02
   2.3359374e-01
   1.7455251e-01
   7.6541595e-02
  -3.9008378e-03
   2.0047776e-01
   1.4495936e-02
   2.3174988e-01
  -1.4138131e-01
   1.3608613e-01
   1.7035140e-01
   3.7689671e-01
   6.3605476e-02
