   8.4321122e-01
   9.7152949e-01
   9.3473736e-01
   7.0278805e-01
   8.0073154e-01
   8.9226707e-01
   9.8287583e-01
   9.2735718e-01
   1.5829947e+00
   1.1995135e+00
   3.2394246e-01
   1.8769916e-01
  -2.6452285e-02
   2.0876566e-01
   1.7040386e-01
   1.6561174e-01
   3.9229957e-01
   2.1440408e-01
   3.7319833e-01
   1.5169478e-01
   2.4555356e-01
   9.7396720e-01
   8.5034515e-01
   8.8562072e-01
   3.2985635e-01
   1.0633175e+00
   2.1442727e-01
   4.0353000e-01
   1.7538630e-01
   2.4796009e-01
   1.1171255e+00
   1.0079792e-01
   2.6699766e-01
   1.1238649e+00
   7.7927774e-01
   8.0107840e-01
   8.2417723e-01
   8.3357973e-01
   5.3639393e-01
   6.7307186e-01
   1.2576348e-01
   2.8492818e-01
   3.3299467e-01
   5.2014861e-03
   6.9282516e-02
   1.3428364e-01
  -6.9908459e-02
  -1.6566488e-01
  -1.7901275e-02
   1.4951614e-01
   8.4075976e-02
   1.3152394e-01
   5.5512555e-02
