   4.5332272e-01
   8.5346139e-01
   5.3850017e-01
   6.3090882e-01
   2.5944238e-01
   7.2245514e-01
   4.0172281e-01
  -8.3616770e-02
  -6.2307355e-02
  -2.4587716e-02
  -6.0217874e-02
   2.0259505e-01
   7.1143977e-02
   1.2495247e-01
   1.7156883e-01
  -2.6597289e-02
  -3.4527561e-01
   1.7721306e-01
   1.6207788e-02
  -1.9075958e-01
  -3.0663169e-01
   1.2259384e-01
  -7.5690246e-02
  -5.3284415e-02
   1.1502538e-02
   5.8710916e-03
   2.0321062e-01
  -6.8655101e-02
  -9.2883672e-02
   1.2646471e-01
  -3.8618005e-01
   6.5398863e-02
  -4.0929331e-01
   4.4806008e-02
   2.0325562e-01
   2.7211292e-01
   8.0465714e-02
  -1.8856277e-02
   1.1749094e-01
  -2.1969586e-01
   9.8423401e-02
  -2.5627945e-01
   1.3744153e-01
   2.6443751e-01
   2.9068149e-01
  -7.3688757e-01
   1.2224710e-01
   1.3720636e-01
   1.9748562e-01
   4.0558883e-02
  -6.9317519e-02
   2.3623249e-01
  -7.9769543e-02
   2.4483524e-01
   4.5920641e-01
   1.0727408e-01
   5.4962493e-02
   1.7843794e-01
   3.1489679e-01
   3.2385612e-01
   2.0045088e-01
   1.9847792e-01
   7.3264598e-02
