   9.9062170e-02
   2.6353890e-02
   3.2808138e-01
  -1.6487187e-01
  -1.5236142e-01
   3.2118319e-01
  -5.1277523e-02
   2.3673715e-02
   3.4328596e-02
   1.5715279e-01
   1.1683595e-01
   3.7937487e-01
   2.6270176e-01
   3.7440206e-01
   4.3889554e-01
   2.1180932e-01
  -9.5553812e-02
   3.3569585e-01
   4.3636120e-01
   1.1341155e+00
   8.4967552e-01
   1.0014308e+00
   6.8433027e-01
   1.2387669e+00
   1.1104652e+00
   8.5869437e-01
   1.1154301e+00
   7.2770258e-01
   7.8896150e-01
   8.9214526e-01
   1.1653348e+00
   7.8112686e-01
  -1.9651413e-01
   2.5111647e-01
   2.0197540e-01
   2.2637460e-01
   1.1218969e+00
   8.7135357e-01
   9.0629139e-01
   7.3853813e-01
   9.6112817e-01
   8.6658236e-01
   9.6559445e-01
   1.5129894e+00
   1.0792973e+00
   9.8577654e-01
   1.1820058e+00
   4.6835396e-01
   3.0305082e-01
   1.6606290e-01
   9.6552521e-02
   6.9092236e-02
   6.0650734e-01
   9.3483588e-01
   4.4468542e-01
   3.0370891e-01
   1.4259732e-01
   2.0437740e-01
   4.2259454e-01
   3.8084552e-01
   2.1698837e-01
   1.6702806e-01
   2.6238526e-01
   3.6674826e-01
   3.6752080e-01
   3.2005173e-01
   3.0180026e-01
   2.1942559e-01
   2.4132820e-01
   2.2566254e-01
   2.4288655e-01
   4.3393271e-01
  -8.5357644e-02
   2.8911214e-01
  -1.5874761e-01
   1.3317483e-01
  -2.9385102e-01
   1.6186704e-01
   3.9067623e-02
