   1.4248520e-01
   4.6413670e-01
   2.0485010e-01
   1.0161834e-01
   1.8983099e-01
   2.1485594e-01
   1.8250199e-01
   3.2173271e-01
   5.3298534e-02
   1.1252983e-01
   1.4771719e-01
  -2.3816507e-01
   5.8092432e-03
   2.6208171e-01
   1.4983105e-01
   7.7625033e-02
   8.0539014e-01
   1.2036594e+00
   1.1743794e+00
   9.6688418e-01
   8.8652234e-01
   1.2082418e+00
   1.2363885e+00
   9.3043083e-01
   9.4996689e-01
   8.9769317e-01
   1.0532367e+00
   8.6126852e-01
   9.2356154e-01
   1.1886089e+00
   1.6202388e-01
   1.1420834e+00
   1.0112835e+00
   1.0172329e+00
   9.4856512e-01
   5.2312320e-01
   8.1560620e-01
   1.2858862e+00
   9.8963914e-01
   9.9596675e-01
   9.9763610e-01
  -1.4967890e-01
   1.1090313e+00
   1.2016290e+00
   8.0420828e-01
   8.6641741e-01
   8.2597679e-01
