   7.6303669e-01
   7.3396306e-01
   6.9520856e-01
   6.1058773e-01
   8.2508770e-01
   7.3803408e-01
   7.3112760e-01
   6.4694275e-01
   9.1986488e-01
   1.3016100e+01
   8.1548413e-01
  -1.2645306e+00
   8.4670298e-01
   1.1367061e+00
   1.0711288e+00
   1.0268137e+00
   9.8117758e-01
   9.3818428e-01
   8.7575978e-01
   8.8341495e-01
   9.7458756e-01
   8.8905361e-01
   9.9347071e-01
   8.7029669e-01
   1.0743570e+00
   6.7618038e-01
   8.6883983e-01
   6.9976198e-01
   8.7113539e-01
   1.0451847e+00
   1.0722258e+00
   1.0816005e+00
   8.4471000e-01
   9.5268694e-01
   8.5865758e-01
   9.0693103e-01
   8.5569821e-01
   8.8744613e-01
   8.2851593e-01
   5.1886975e-01
   7.6924983e-01
   7.7798944e-01
   8.3611930e-01
   8.3125863e-01
   8.3189440e-01
   7.5703515e-01
   6.6840180e-01
   8.3706400e-01
   8.2380490e-01
   8.0945562e-01
   7.5414318e-01
   8.3179493e-01
   9.3641262e-01
   1.0136669e+00
   9.9792671e-01
   7.9353135e-01
   7.9620042e-01
   8.3240186e-01
   7.7107766e-01
   7.4680117e-01
   1.7884205e+00
   8.5838191e-01
   8.4429290e-01
   8.1791213e-01
   9.7967894e-01
   8.8429578e-01
   9.3756848e-01
   6.9218913e-01
   5.6712979e-01
   8.6370788e-01
   7.7217791e-01
   8.8967857e-01
   8.2174482e-01
   7.5331155e-01
   7.5562113e-01
   7.7885429e-01
   7.4138135e-01
   7.5219215e-01
   8.5211281e-01
   8.3424542e-01
   6.7979699e-01
   9.0451159e-01
   6.2759296e-01
   5.6112359e-01
   6.0256826e-01
   9.3236148e-01
   9.6850456e-01
   6.4630114e-01
