   1.7702734e-01
   6.9362379e-01
   6.1570601e-01
   9.0554707e-01
   8.0635134e-01
   9.5857319e-01
   1.0894977e+00
   9.5431932e-01
   6.7547713e-01
   6.4547109e-01
   1.3117042e+00
   1.1348740e+00
   8.2675638e-01
   8.6998111e-01
   7.2056331e-01
   9.8255516e-01
   1.7280671e-01
   7.8204560e-01
   8.6558995e-01
   3.4869460e-01
   8.6435171e-01
   8.9570583e-01
   6.9913441e-01
   7.7251512e-01
   9.8662219e-01
   9.0441546e-01
   8.2576048e-01
   7.1076759e-01
   2.3082190e-01
  -7.6687703e-03
  -2.1390926e-01
   9.5864638e-02
   4.8618722e-02
  -8.7159160e-02
   1.8572128e-01
  -1.7135521e-03
   7.6650213e-02
  -1.1034486e-02
  -2.1546475e-01
   1.0484969e-01
   4.3148163e-02
  -1.1272786e-01
   1.4079689e-01
   1.7864492e-02
   2.6505881e-02
   1.3724522e-01
   9.7223307e-02
  -4.3456690e-02
  -5.1405648e-02
  -1.6463246e-02
  -2.8248230e-01
   1.1919334e-02
   2.7992138e-02
   5.3753244e-02
  -1.5849810e-01
   6.8655238e-02
   3.9043941e-03
   1.9776345e-01
   6.2094688e-04
   2.6781501e-02
   1.8793300e-02
  -1.4438850e-01
  -5.0938760e-03
   1.4062844e-01
  -5.7081019e-02
   1.2538519e-02
   9.1416166e-04
  -3.2796758e-03
  -4.1221177e-02
  -2.0391683e-01
   8.6814182e-02
  -2.1145012e-01
  -1.1992376e-01
   1.3318752e-01
  -1.6613663e+00
  -1.4197842e-02
   3.0479592e-02
