   1.4042129e-01
   4.3056876e-01
   5.1316421e-01
   1.1214801e-01
  -4.0535447e-01
   3.4738655e-01
   2.2705511e-01
   1.0116164e-01
  -2.5410426e-01
  -2.7726771e-01
   2.0127203e-01
   4.5543511e-01
   1.5365944e-01
   1.7550736e-01
   2.4059405e-01
   2.3647576e-02
  -1.6663635e-01
   1.5731382e-01
   8.4774893e-01
   7.7803834e-01
   7.2202318e-01
   7.6173473e-01
   8.2876112e-01
   8.2060694e-01
   8.1248430e-01
   7.9373488e-01
   9.6246856e-01
   7.4905673e-01
   8.8632873e-01
   8.4043479e-01
   7.0245951e-01
   7.9172076e-01
   7.2212530e-01
   9.3335751e-01
   9.2089198e-01
   9.8749702e-01
   9.5020872e-01
   8.1645634e-01
   7.7517304e-01
   3.9958608e-01
   3.0623124e-01
   6.4797700e-01
   5.6640279e-01
   1.0879365e+00
   9.7049385e-01
   3.4679194e-01
   5.3824515e-01
   9.3765196e-01
   9.7691134e-01
   1.7882801e-01
   5.2422135e-02
   3.5377529e-01
   3.6039625e-01
   3.8055929e-01
   4.8093611e-01
   2.7602707e-01
   3.3387270e-01
   2.7862373e-01
   4.8718382e-01
   4.2518246e-01
   4.2102398e-01
   3.2548059e-01
   4.3252488e-01
   3.9790103e-01
   3.2745026e-01
   4.0394323e-01
   1.8507242e-01
   2.8634518e-01
   5.2024049e-01
   3.2690652e-01
   2.0831695e-01
   5.8828301e-01
  -1.7305198e-01
   4.0249251e-01
