  -7.7248765e-04
   1.7046467e-01
   6.6190039e-02
   2.1986670e-01
  -4.4978626e-02
   4.8301216e-02
  -3.3218471e-01
   2.2287071e-02
   3.4914258e-01
   1.0808388e-01
   2.9827157e-02
   1.5357438e-01
   2.3679836e-01
  -1.1534811e-01
   7.6880713e-02
   1.2085509e-02
  -1.2219634e-02
  -1.7784943e-01
   2.9185003e-01
   8.0551235e-02
   1.2379200e-01
   1.9159890e-01
   8.0716611e-02
  -1.4547471e-01
   4.3934790e-02
   1.2058947e-01
   8.9406476e-02
  -2.7087130e-01
   7.6328213e-02
   8.1440694e-02
  -6.7683403e-01
   2.5629075e-01
  -7.7103540e-01
   8.2987432e-02
   1.3569279e-01
   2.4576511e-01
  -3.7598629e-02
  -7.4447023e-01
   7.1599417e-03
   3.7771556e-01
   1.6290948e-01
   1.7875093e-01
   7.1912543e-02
  -2.6630411e-02
   9.6855320e-02
   1.0971677e-01
  -4.0842462e-02
   1.0891565e-01
   2.8569315e-01
   1.8354606e-01
   1.3838547e-01
   2.7852566e-01
   1.3275542e-01
   1.1877835e-01
   1.4454837e-01
  -1.2071831e-01
   1.4876735e-01
   3.7786739e-02
   5.8191057e-02
   2.4375252e-02
   1.8651583e-01
   1.5151345e-01
   2.5776735e-01
   2.4929454e-01
   2.2997286e-01
   2.1598445e-01
   7.7438315e-02
   2.5454782e-01
   5.6486202e-02
   1.1436851e-01
   1.3113405e-01
   9.0034725e-02
   1.3323674e-01
   2.2375160e-01
   1.8091685e-01
   1.7954784e-02
   2.1728529e-01
  -4.8303397e-03
  -6.8232105e-02
   2.5675816e-01
