   6.3050198e-01
   6.1101103e-01
   7.6176213e-01
   8.0442976e-01
   5.5582088e-01
   9.7476109e-01
   9.1602808e-01
   6.2887188e-01
   9.9519225e-01
   5.6380022e-01
   8.6510762e-01
   6.9026231e-01
   7.4009530e-01
   7.1107208e-01
   6.6087167e-01
   8.4871813e-01
   8.2921947e-01
   7.4903007e-01
   6.0467894e-01
   7.0287875e-01
   6.2699558e-01
   7.0773125e-01
   5.5941384e-01
   5.7306397e-01
   4.4911761e-01
   2.2181276e-02
   1.6214738e-01
   3.1194182e-01
  -1.1105689e-01
   1.8607660e-01
  -5.1479063e-02
   2.9411058e-01
   1.2360639e-01
   3.6703202e-01
   1.2901483e-01
  -3.5091804e-02
   2.0049777e-01
  -1.6918800e-01
  -6.0033421e-03
   2.4595504e-01
   2.8221780e-02
   1.2842088e-01
   2.4950119e-01
   2.2739638e-01
   1.6169934e-01
  -1.2299761e-02
   1.2015691e-02
   1.8704051e-01
   8.8455612e-02
   8.0385427e-02
   7.2838016e-02
   1.1541274e-01
  -6.5052021e-02
  -3.3569576e-03
   1.9760323e-01
   7.2686891e-02
   1.4632627e-01
   6.3218620e-02
   3.1093846e-02
   5.7149953e-02
   1.1552055e-01
  -2.3998396e-01
   5.5515836e-02
   4.1282212e-01
   1.5772665e-01
   1.5129808e-01
   3.1260829e-01
   1.6402336e-01
   1.6417297e-01
  -3.9467813e-01
   2.0524290e-02
   1.1772046e-01
   7.4776596e-02
   1.3312657e-01
  -9.9519753e-02
   9.7101118e-02
  -3.3262791e-02
   1.9420550e-01
   1.7097297e-01
   2.4764376e-01
  -1.0371038e-02
   1.5572245e-01
   4.9153123e-02
   1.2502689e-01
  -5.3495029e-01
   2.9426859e-02
  -1.8391216e-01
  -5.5918331e-01
   2.0000456e-01
   8.7817618e-03
   2.0277704e-03
   1.6960928e-01
   4.7513743e-01
   3.5579705e-01
   9.6328950e-02
   1.0695201e-01
   1.0557054e-01
   2.3515732e-01
  -2.4772816e-01
   3.8424179e-01
   1.4203820e-01
  -1.6179415e-02
   1.9158552e-01
  -6.4263265e-03
   7.2024575e-02
   1.3890665e-01
  -3.5227666e-02
  -2.6825118e-01
   1.1613901e-01
   3.8166970e-02
   1.1272727e-01
   8.8418726e-02
   3.2959607e-01
   1.4587396e-01
   1.9405872e-01
   9.2531275e-02
   3.2915480e-01
   1.4194829e-01
  -2.3826045e-02
  -7.9766315e-02
   2.0906346e-01
  -3.5940163e-01
  -8.3631204e-03
   1.2384096e-01
   2.2607824e-01
  -4.7259899e-02
   4.2283142e-01
   1.5967127e-01
   7.0310184e-02
   1.3869327e-01
   1.7422626e-01
   2.4160351e-01
   8.3699700e-02
  -4.2499468e-01
   2.7299151e-01
   1.7632415e-01
  -1.8432093e-01
  -4.6292916e-02
  -2.8354516e-01
  -1.3629482e-01
   1.4703042e-01
   8.7337326e-02
   1.0962144e-01
  -3.3434978e-01
  -1.0614410e-01
   3.0210432e-01
   3.6771729e-02
   4.6619271e-02
  -1.3788664e-01
