   1.4306448e-01
   2.6633835e-01
   2.3853332e-01
   2.0653979e-01
   1.0617805e-01
   3.2195316e-01
   2.1123466e-01
   3.4220637e-01
   1.1325056e-01
   2.5970651e-01
   1.6539952e-01
   1.3122360e-01
   4.6113222e-02
   6.2327941e-02
  -2.3920964e-02
   1.9489833e-01
   8.5837683e-02
   3.5551488e-02
   2.3688259e-01
   1.3665008e-01
   2.3537269e-01
   1.8009484e-01
   1.3073792e-01
   5.8790745e-02
   7.9369766e-02
   1.1336075e-02
   5.6303538e-02
   2.3145022e-01
   1.6040036e-01
   2.3461046e-01
   9.6096599e-02
   1.3727743e-01
   1.6279074e-01
  -1.6982065e-01
   7.6308861e-02
   1.6881506e-01
   1.8464168e-01
  -1.1456091e-01
   1.5837892e-01
   2.2514099e-01
   1.7818813e-01
   1.7693182e-01
   3.4251603e-02
   1.5601532e-01
   1.3711930e-01
  -5.8814928e-02
   1.0261656e-02
  -1.5141477e-02
   1.3702367e-01
   2.1485334e-01
   6.8679500e-02
   1.1726125e-01
   4.1345177e-02
   3.1089906e-01
   1.7683327e-01
   3.0899762e-01
   3.8378182e-01
  -4.2343406e-02
   2.4688004e-01
   1.0087099e-01
   4.4397968e-01
   1.4503781e-01
  -6.3080731e-02
   2.5966781e-01
   1.2338436e-02
   2.7149283e-01
  -5.1434323e-01
   1.9664974e-01
  -1.3851972e-02
   2.2065478e-01
  -7.2280640e-02
   7.4083542e-02
   2.3527948e-01
