  -3.1529587e-02
  -1.3345770e-01
  -2.7183902e-01
   2.0793134e-01
   2.9525481e-01
   9.7407153e-03
   4.8499646e-02
   9.7266054e-02
   3.4916242e-01
   2.5792501e-01
   2.2845252e-01
  -6.8423578e-02
   1.1676478e-01
   1.4494364e-01
   1.7919610e-01
   9.1934169e-02
   1.9736819e-01
   2.4140969e-01
   1.2430141e-01
   3.0472766e-01
   1.0658234e-01
   2.3892976e-01
   9.9460056e-02
  -1.2672457e-01
   2.1045869e-01
   1.7928429e-01
   6.3715734e-02
   1.9013313e-01
  -1.1657200e-01
   9.8641906e-02
