   2.2387184e-01
   1.1816612e-01
   2.3745896e-01
   1.0090698e-01
   6.6558157e-01
   4.2700425e-01
   5.0188428e-01
  -7.1130810e-02
  -3.4706984e-01
   1.2341822e-01
   7.3689256e-02
   1.8822106e-01
  -6.2234705e-01
  -2.4220117e-01
   2.8575426e-01
   3.8011505e-01
   3.1736730e-01
   4.0869743e-01
   4.1443234e-01
   2.5757110e-01
   2.7465984e-01
  -3.0311009e-01
   3.8607437e-01
   9.8845008e-02
   6.1528122e-02
   3.9385594e-01
   1.9624940e-01
   5.4068632e-01
   1.2903988e-01
   4.0638518e-01
   4.3561216e-02
   2.2035299e-01
   2.3556276e-01
   6.2454938e-01
   5.8210126e-01
   3.2486294e-01
   1.2157760e-01
   1.2884004e-01
   1.4779641e-01
   4.7139911e-01
   3.8280884e-01
   3.3942937e-01
   2.0147561e-01
   2.2847615e-03
   3.7874594e-01
   1.0843412e-01
   2.9994926e-01
   2.8547061e-01
  -4.9894408e-02
   1.4235240e-01
  -3.5064341e-01
   1.7550060e-01
   1.7697439e-01
   3.3659886e-01
   3.8918735e-01
   2.7527588e-01
   1.6081276e-01
   3.6979364e-01
  -1.5156044e-01
   2.3816535e-01
   3.3410033e-01
  -2.4106559e-01
   3.7212625e-01
   4.3735471e-01
   6.2970889e-02
   2.2227943e-01
   2.3414978e-01
   2.8584078e-01
   4.7613453e-01
   2.5962310e-01
   1.4100025e-02
   2.8460080e-01
   1.1186903e-01
  -7.9049332e-01
   4.2651650e-01
   8.7937139e-02
   1.5517267e-01
   1.9289814e-01
   2.5583434e-01
   4.4466213e-01
   1.7763825e-01
  -1.0544630e-01
  -6.1383172e-01
  -1.9279962e-01
   3.6678055e-02
   1.7268221e-01
   1.7711234e-01
   3.0767212e-01
   2.9586740e-01
