   1.4584026e+00
   8.8408772e-01
   8.8065542e-01
   8.7487507e-01
   1.0287461e+00
   8.9043339e-01
   1.6129274e+00
   7.9579275e-01
   6.1534732e-01
   8.5729475e-01
   1.8447139e+00
   9.7841864e-01
   7.6332330e-01
   1.0611292e+00
   8.5684638e-01
   8.4803228e-01
   1.2017094e+00
   9.6472898e-01
   7.1048227e-01
   1.0972535e+00
   9.6482398e-01
   1.2642424e+00
   9.2897981e-01
   8.6760241e-01
   1.3943200e+00
   1.0332139e+00
   7.4370203e-01
  -5.1115912e-01
   1.6640215e+00
   5.8444680e-01
   9.5363945e-01
   1.1249513e+00
   1.3125639e+00
   1.1736643e+00
   1.5929984e+00
   1.5621894e+00
   1.0427705e+00
   1.0181585e+00
   2.9331735e+00
   9.5765414e-01
   1.1238972e+00
   1.0773228e+00
   8.7693786e-01
   1.2487631e+00
   1.3028662e+00
   1.2926485e+00
   9.2044182e-01
   1.4001084e+00
   1.1097031e+00
   7.8243495e-01
   2.0025077e+00
   7.4218887e-01
   8.0985749e-01
   8.5875928e-01
   7.2483153e-01
   9.4201151e-01
   7.1019431e-01
   1.9893279e+00
   1.0853484e+00
   8.4756171e-01
   1.0120292e+00
   7.1565226e-01
   8.0173545e-01
   1.0933107e+00
   7.2424870e-01
   1.2351184e+00
   8.0523372e-01
   8.3734102e-01
   8.6695464e-01
   8.6097616e-01
   9.8910960e-01
   9.1312674e-01
   1.4082827e+00
   1.0190998e+00
   5.5684244e-01
   7.3701447e-01
   6.3856334e-01
   1.0403379e+00
   8.6691363e-01
   1.1676206e+00
   9.1447124e-01
   9.7297693e-01
   9.6041983e-01
   8.1434821e-01
   9.2268591e-01
   9.3935877e-01
   6.7627439e-01
   8.2477511e-01
   1.1223851e+00
   5.9460236e-01
   8.9269977e-01
   7.3858358e-01
   1.0689176e+00
   7.8225371e-01
   1.1961236e+00
   9.5767457e-01
   7.0204890e-01
   9.5754066e-01
   8.5326254e-01
   7.8317291e-01
   6.4787678e-04
   3.5638514e-02
  -9.8615358e-02
  -4.0744161e-01
  -1.5297270e-02
  -9.3052850e-03
   2.4771639e-01
   9.4944102e-02
   2.3058811e-01
   1.4542791e-01
  -4.0731282e-02
   1.6552675e-01
  -2.5127302e-02
  -1.1356800e-01
   2.7888970e-01
  -4.0823224e-02
   9.5281846e-02
   1.5271233e-01
   6.0633509e-02
   1.1395661e-01
   7.3340767e-02
   1.1351049e-01
   1.3462575e-02
  -9.6374503e-02
  -3.7320727e-01
  -2.2842217e-01
  -2.7302892e-01
   1.6015869e-01
