   2.0726401e-01
   5.7327388e-02
   1.9975194e-01
  -1.8345527e-01
  -1.2810393e-02
   4.5222502e-01
  -1.1894445e-01
  -1.5843197e+00
   1.4303742e-02
  -3.0661815e-01
   9.4621351e-02
   2.2042132e-01
  -5.7094868e-02
  -1.0985424e+00
  -6.1273738e-01
   1.9755258e-01
   1.0094987e-01
   2.7926439e-01
  -6.0482647e-01
   1.7069633e-01
  -1.7093151e-01
  -2.8406492e-01
  -1.0337972e-01
  -2.1887760e-01
  -1.6190854e-01
   3.9608157e-02
   1.7311254e-01
   1.0720919e-01
  -2.1958853e-02
   2.0509170e-01
   3.3357181e-01
   7.5669947e-02
   1.6636289e-01
  -2.9912680e-01
  -1.5659067e-01
   7.3902790e-02
  -2.7294728e-01
  -1.5569328e-02
   1.6906483e-01
  -5.1571581e-01
  -3.5426632e-02
   2.7381807e-01
   3.1834132e-01
   1.9872994e-01
  -1.2574289e-02
   1.7783105e-01
   2.1440647e-01
   1.1428933e-01
   1.1671590e-01
   2.2844046e-01
   4.1563393e-01
   1.1736128e-01
  -1.1307812e-01
   5.5544244e-02
   4.7984090e-01
   2.2106953e-01
   8.9754987e-02
  -8.5403415e-03
   7.8375683e-02
   2.6322324e-01
   2.0341410e-01
   1.8242555e-01
   3.5139690e-01
   9.1797484e-01
   9.5643858e-01
   1.0143441e+00
   7.5824969e-01
   8.6815728e-01
   5.2918627e-01
   1.0518760e-01
   3.1311498e-01
   2.7616361e-01
  -4.9795669e-02
   2.1915563e-01
   8.1326177e-03
   2.6138068e-01
   1.7439803e-01
   1.6289145e-01
   6.5137110e-02
   4.2287586e-01
   1.7115860e-01
   3.8592943e-01
   6.2163396e-01
   2.9698329e-01
   6.1407402e-01
   5.3457994e-01
   3.0174440e-01
   9.1649841e-02
   8.6356093e-01
   7.7928784e-01
   6.9267801e-01
   8.1378153e-01
   5.5617456e-01
   6.9720843e-02
   1.6854866e-01
   9.2625316e-01
   6.5875709e-01
   9.1433549e-01
   1.8339055e-01
