   9.9781051e-01
   2.6334491e+00
   1.6638921e+00
   1.5436079e+00
   1.2050225e+00
   1.5358077e+00
   6.0546974e+00
  -1.7277993e+00
   1.6807494e+00
   1.9573368e+00
   1.4075342e+00
   1.7755214e+00
   1.1837358e+00
   3.5741565e+00
   1.6924152e+00
   2.2406865e+00
  -4.6512000e-01
   1.0866413e+00
   1.1217587e+00
   1.4874325e+00
   1.2265128e+00
   1.2997665e+00
   1.1851796e+00
   1.3216554e+00
   1.1792756e+00
   1.3590788e+00
   1.4351561e+00
   1.2436236e+00
   8.1978263e-01
   1.1903784e+00
   9.7439233e-01
   1.2979697e+00
   1.1077931e+00
   1.0283266e+00
   9.3115409e-01
   1.4181766e+00
   1.4113062e+00
   1.5032639e+00
   8.5445552e-01
   9.3783645e-01
   9.6242304e-01
   1.0502658e+00
   8.8385753e-01
   1.1234387e+00
   8.5785655e-01
   1.1698184e+00
   7.0680693e-01
