   3.3312872e-01
   7.6220885e-01
   1.2712099e+00
   3.8579613e-01
   4.8201164e-01
   3.7194708e-01
   4.4329992e-02
   1.3691231e-01
   5.3094744e-01
   1.6285750e-01
   1.0593524e-01
   4.5478798e-02
   4.4244832e-02
  -6.1465187e-01
   2.8540472e-01
   1.9680321e-01
   2.6378659e+00
   2.0052240e-01
   2.3674935e-01
   2.3149598e-01
  -5.5722452e-02
   2.1461605e-01
  -2.6490706e-03
   3.5016250e-01
  -1.0767531e-02
   7.5555357e-01
  -5.5089174e-02
   1.7330130e-01
   5.0177984e-02
   6.8413561e-02
  -2.0490115e-01
  -1.7637920e-01
   1.3095392e-01
   1.1787307e-01
  -4.8411549e-02
   2.7749812e-02
   2.4423368e-01
  -4.9076670e-02
   1.4817483e-01
   1.0916523e-01
  -1.5312612e-03
   1.7279361e-01
   2.1134475e-01
   1.2721916e-01
   1.4324163e-01
   3.9497794e-01
   8.9891957e-02
  -5.7824269e-01
   8.7242016e-02
  -1.6090459e-01
   8.2525408e-01
   6.3573789e-01
   1.0861342e+00
   1.0198021e+00
   9.2389766e-01
   1.0289935e+00
   7.6066055e-01
   6.6338892e-01
   1.0432931e+00
   7.8198129e-01
   8.2005867e-01
   8.5279904e-01
   1.1798528e+00
   8.5758892e-01
   4.4620992e-01
   1.5576817e+00
   7.8085574e-01
   9.6199536e-01
   9.7200397e-01
   8.3556719e-01
   1.0242279e+00
   9.3418566e-01
   8.0159427e-01
   9.9318710e-01
   1.0435870e+00
   9.5613941e-01
   5.6519229e-01
   9.2083475e-01
   9.0504817e-01
   8.0481035e-01
   8.2930724e-01
   8.9044362e-01
   9.7482879e-01
   8.6041087e-01
   9.1964756e-01
   1.4139409e+00
   1.1500321e+00
   7.4716378e-01
   8.6097098e-01
   1.0463034e+00
   1.1435741e+00
   9.6752453e-01
   8.1291905e-01
   9.0212535e-01
   6.8088577e-01
   9.1057442e-01
   7.9317888e-01
   1.1056422e+00
   8.1724161e-01
   7.3760576e-01
   8.1119566e-01
   8.0254007e-01
   8.3509320e-01
   9.3203946e-01
   9.2809899e-01
   9.6628579e-01
   9.8132491e-01
   9.3948410e-01
   7.2953647e-01
   8.9689376e-01
   1.1708992e+00
   8.6115519e-01
   9.4532833e-01
   8.0196445e-01
   1.0317539e+00
   8.1061845e-01
   9.7076440e-01
   8.1964369e-01
   8.0664716e-01
   8.8034994e-01
   8.4618904e-01
   8.7146331e-01
   9.8388926e-01
   8.3229269e-01
