   9.2680371e-01
   9.1771107e-01
   9.4517917e-01
   9.2794040e-01
   1.0666661e+00
   8.6841549e-01
   9.4009953e-01
   9.5571767e-01
   1.0264771e+00
   1.5321599e+00
   8.7492807e-01
   9.8558570e-01
   1.0059042e+00
   1.4913459e+00
   1.1735566e+00
   1.1122259e+00
   1.0694183e+00
   1.0785827e+00
   8.2969583e-01
   8.8742457e-01
   8.6272096e-01
   8.8598270e-01
   9.5279973e-01
   9.2865530e-01
   1.0501368e+00
   8.1460931e-01
   9.4501753e-01
   6.3067098e-01
   2.5629907e-01
   1.1044505e+00
   1.0393738e+00
   1.9870525e+00
   9.2280752e-01
   9.2845459e-01
   9.5484735e-01
   1.0079969e+00
   8.7191853e-01
   8.9020968e-01
   9.1194854e-01
   1.0229965e+00
   8.4243682e-01
   7.9538464e-01
   8.2485534e-01
   7.2133960e-01
   8.1098459e-01
   7.7102349e-01
   2.8622912e+00
   9.1379221e-01
  -1.7788280e+00
   7.5183162e-01
   7.0573799e-01
   1.5622254e+01
   7.0487713e-01
   7.1153070e-01
   5.7544396e-01
   5.8941255e-01
   7.7192525e-01
   5.2834620e-01
   6.3660123e-01
   7.8401483e-01
   8.6605008e-01
   9.5808050e-01
   1.0005970e+00
   9.3476649e-01
   1.0105226e+00
   9.0770063e-01
   9.3960639e-01
   1.0087620e+00
   1.0847996e+00
   1.0305312e+00
   9.5955474e-01
   9.0166455e-01
   9.1086550e-01
   8.7375756e-01
   8.2901039e-01
   7.8438490e-01
   8.1879737e-01
   5.2722350e-01
   7.6047135e-01
