  -1.1899110e-01
   2.6857809e-01
   2.6018005e-01
   1.5873739e-01
   3.1149678e-01
   1.1771762e-01
   1.0045760e-01
   2.8391794e-01
   4.5960806e-01
   1.0264959e+00
   6.7802434e-01
   1.2932743e+00
   2.8448421e-01
   1.1459376e-01
   6.4635325e-01
   7.5288536e-01
   1.0841936e+00
   1.4049621e+00
   1.2349776e+00
   9.4503716e-01
   7.7142343e-01
   1.4213267e+00
   1.3509311e+00
   1.0155200e+00
   1.0442384e+00
   7.9964268e-01
   9.3426841e-01
   9.8419353e-01
   8.3881075e-01
   1.2790557e+00
   1.0380408e+00
   1.1125231e+00
   1.1309113e+00
   1.1922393e+00
   1.0069968e+00
