  -3.0946805e-01
  -4.1244944e-01
  -1.4812024e-01
   6.5793160e-02
   4.0338581e-02
   1.5142333e-01
   9.7596045e-02
  -1.2629770e-01
  -3.5128504e-01
  -1.5447955e+00
   6.0279291e-01
   6.9397892e-01
   1.0626196e+00
   1.3649689e-01
  -4.8587215e-02
   2.3963643e-01
  -1.3964903e+00
  -1.3301328e+00
  -7.1795672e-02
  -1.2962377e-01
  -1.5517155e-01
  -1.0900812e-01
  -4.6610313e-01
  -1.6993815e-01
   7.4427697e-01
  -1.0651866e+00
   6.4198391e-01
  -9.6365669e-01
   2.9780592e+00
  -4.7459234e-01
  -4.5727953e-02
  -2.0175397e-01
  -1.3072874e-01
  -6.1792539e-01
   1.0204085e+00
  -1.8584707e-01
  -2.5756887e+00
  -2.5504539e-01
  -5.3161300e-01
  -3.5320417e-01
  -6.9214833e-01
   3.1730466e-01
  -3.1416983e-01
  -9.5586431e-01
   1.1406610e-01
  -5.0809055e-01
   4.8848282e-01
  -1.4566997e+01
   1.1339747e-01
  -9.8991414e-02
   3.3848357e-01
  -3.6031155e-02
  -4.4675378e-01
   2.3607501e-01
   3.3477657e-01
   1.7764984e-01
  -2.2547096e-01
   1.3590957e-01
   3.4897820e-01
   2.4125278e-01
  -4.1713415e-01
  -2.4901222e-01
  -9.2354204e-01
  -1.2445595e+01
  -4.3605265e-01
  -3.9399080e-01
   1.9216002e-01
   2.5644670e-01
  -3.6031027e-02
  -3.1893575e-01
  -3.6182109e-01
   1.4069542e-01
  -1.2809764e-01
  -1.3697953e+00
  -4.4410649e-02
   7.9027754e-02
   2.5973014e-02
   2.7397819e-01
  -1.0017794e-01
   5.1786486e-03
   2.8783244e-01
  -2.3954120e-01
  -6.9366050e-02
  -4.2598193e-01
   1.7517166e-02
  -6.6041727e-01
  -2.5399633e-01
  -5.3002176e-02
   5.1540116e-02
   1.6723621e-01
   1.3597061e-02
  -3.0777737e-01
   8.9254892e-03
  -5.8189579e-01
  -3.3399044e-01
   6.2864270e-02
  -3.3636085e-01
   9.4476144e-02
   1.1402285e-01
  -1.6834726e-01
   1.6246064e-01
   5.6695868e-02
  -1.0006198e+00
   4.9025397e-02
   2.8111733e-01
  -1.6965980e-01
   2.2518831e-01
  -2.0777735e+00
  -1.3905270e-01
   2.6123290e-01
  -2.8669199e+00
  -2.4152429e-02
   6.2440466e-02
   2.2254109e-01
  -2.4047183e-02
   2.9570260e-01
   1.8776308e-01
   5.0458960e-02
   2.9334143e-02
  -8.9504857e-02
  -1.6124934e-01
   2.9005179e-01
   3.3565306e-01
   4.5293776e-02
  -9.5462799e-02
   2.7095923e-01
  -4.9362051e-01
   2.6422149e-01
   1.6067899e-01
   2.8575654e-01
  -6.5806425e-01
   3.2338111e-02
  -3.0412839e-01
  -6.4926154e-01
  -1.7505542e-02
  -8.6359957e-02
  -7.3654164e-02
   1.3830830e-01
   6.9301726e-02
  -2.0088465e-01
   1.3670432e-01
   1.3079449e-01
   1.1587041e-01
   7.6067641e-02
   1.2860033e-01
   1.7242635e-01
  -1.4633742e-02
   2.1499838e-02
   2.3040686e-01
   2.3653252e-01
   2.1104036e-01
  -1.3068877e-01
   8.4993969e-02
   2.7270901e-01
   1.2522653e-01
  -1.2480475e-01
   1.4070108e-01
  -2.8319923e-02
   4.6042017e-02
  -4.7030153e-01
   2.3272997e-01
   3.4056695e-02
  -4.5672978e-01
  -3.1657363e-01
   1.5344098e-01
   1.0412385e-01
  -7.7476588e-02
  -3.9929867e-01
  -2.6514736e-02
   2.3826938e-01
  -1.1515187e-01
   1.5533822e-01
  -3.1080019e-02
   6.2404484e-02
   5.0968662e-02
   7.7235551e-02
   2.0240149e-01
  -4.3367858e-01
  -7.0637194e-02
  -3.0452456e-01
  -1.9924119e-01
   1.0155803e+00
   4.8538369e-01
   8.9218114e-01
   6.3218117e-01
   4.6687869e-02
  -2.2383943e-01
   9.6487784e-02
   8.2746127e-02
   8.6656336e-02
   5.5146636e-01
   9.1488354e-01
   1.8789133e-01
   9.4479304e-02
   1.2332802e-01
   1.4585856e-01
   1.7979383e-01
