   2.0477658e-01
   8.5410236e-02
   8.3593000e-02
   1.9812538e-02
   1.0008700e-01
   6.3788274e-02
  -1.9673711e+00
   2.0541409e-01
   2.2473836e-01
   1.5768423e-01
   1.3021935e-01
   4.5149002e-01
   1.5837132e-01
  -1.4191396e-01
  -5.9066842e-01
   3.4506111e-01
   1.8403794e-03
  -2.4607965e-02
   1.4961172e-01
   4.1525391e-02
  -1.0615324e-01
   2.1209013e-01
  -9.7044286e-02
  -3.7404892e-01
   8.0840682e-02
   6.3487079e-03
   6.1759631e-02
   1.3916328e-01
   2.1088776e-01
   1.3534312e-01
  -1.6687320e-01
   2.3219170e-01
   1.2408431e+02
  -8.0053162e-01
   2.5807528e-01
   1.4516457e-01
  -5.9413608e-01
   3.0243960e-01
   5.5130311e-01
   6.0362635e-01
   7.2855319e-01
   5.6989869e-01
   1.0987062e+00
   1.3305897e+00
   9.3804364e-01
   8.9361706e-01
   9.3291972e-01
   1.3367653e+00
   8.9436770e-01
   9.6784646e-01
   9.9367202e-01
   1.2459088e+00
   1.4516305e+00
   1.0327193e+00
  -8.3382571e+00
   9.4199899e-01
   1.0503161e+00
   1.4450196e+00
   1.0514048e+00
   7.0685832e-01
   1.3209215e+00
   1.2071494e+00
   1.9430027e+00
   1.0598692e+00
   9.1378665e-01
   9.5451329e-01
