   9.2868801e-01
   1.1593850e+00
   1.0012071e+00
   1.0724681e+00
   1.0215852e+00
   9.0667097e-01
   9.4609190e-01
   9.3095512e-01
   9.2910604e-01
   9.5126208e-01
   9.1775346e-01
   1.0015355e+00
   1.0684665e+00
   9.1302366e-01
   1.0082166e+00
   9.0718941e-01
   9.6150723e-01
   9.3386191e-01
   1.0382596e+00
   1.0395987e+00
   9.6993545e-01
   9.4355568e-01
   9.1725142e-01
   9.7890184e-01
   9.5097533e-01
   9.3773861e-01
   9.9201904e-01
   9.1128198e-01
   9.9874679e-01
   9.4663398e-01
   1.0442882e+00
   1.0062415e+00
   9.1083821e-01
   9.1381633e-01
   1.0479750e+00
   9.5900286e-01
   9.2985436e-01
   8.5778764e-01
   9.3582013e-01
   9.7403132e-01
   9.4897926e-01
   9.4430973e-01
   9.4625723e-01
