   2.2247379e-01
   2.7938833e-01
   2.6070364e-01
   2.1668381e-01
   2.4383951e-01
   3.2355689e-01
   3.7617459e-01
   2.3638555e-01
   2.1572447e-01
  -9.0539598e-02
   1.9163506e-01
   3.4725616e-01
   2.4432884e-01
   6.7035797e-02
   1.5755765e-01
   2.2859381e-01
   4.8231349e-01
   8.4690648e-01
   6.6814638e-01
   8.4440178e-01
   9.2953766e-01
   6.3872416e-01
   8.3519202e-01
   8.4453937e-01
   8.8524538e-01
   8.9448302e-01
   5.0584513e-01
   7.8065017e-01
   7.5447541e-01
   7.3935402e-01
   8.0958050e-01
   8.0074269e-01
   6.5997274e-01
   9.2888162e-01
   9.1809362e-01
   8.3695851e-01
   8.8789995e-01
   8.2648805e-01
   3.8239836e-01
   7.2954605e-01
   2.6645209e-01
