   1.8452619e-01
   3.7204943e-01
   3.3851804e-01
   3.4433064e-01
   2.0755013e-01
   2.1788255e-01
   3.2144435e-02
   4.0795291e-01
   2.2335465e-01
   4.2752769e-01
   8.8648578e-02
  -6.1512706e-02
   2.4619521e-01
   1.2594774e-01
   1.3195342e-01
   1.7893244e-01
   8.1519677e-02
  -7.2240333e-03
   3.9552128e-01
   1.3169003e-01
   2.6790048e-01
   4.0438393e-01
   7.6541141e-01
   6.2583707e-01
   8.5550206e-01
   7.3626105e-01
   7.5695715e-01
   8.6995820e-01
   7.2715646e-01
   8.0247282e-01
   8.6584331e-01
   7.5993763e-01
   8.2140798e-01
  -1.7876177e-02
