   2.4707249e-01
   1.2476609e-01
   6.1854587e-02
   1.2456547e-01
   3.2822001e-02
   1.3221814e-01
   2.0297092e-01
   1.7047521e-01
   2.0921974e-01
   1.0807211e-01
   2.0430406e-01
   1.5539872e-01
   1.7584421e-01
   1.8404188e-01
   2.0982300e-01
   2.4448669e-01
   1.5980541e-01
   9.9953141e-02
   2.3045843e-01
   2.5483232e-01
   7.2710034e-01
   6.5732917e-01
   7.8532114e-01
   1.1899742e-01
   2.5914370e-01
   1.9839010e-01
   9.4031306e-02
   1.1441868e-01
   6.4267353e-02
   2.8690928e-02
   1.3072092e-01
   1.2023045e-01
   9.7836104e-02
   1.9597347e-01
   1.2390779e-01
   8.0545148e-02
   1.2581549e-01
   1.5122671e-01
   1.3841369e-01
   1.1718876e-01
   1.7280124e-01
   2.2286713e-01
   9.4988027e-02
   1.1875737e-01
   1.9797870e-01
   1.6950733e-01
   2.4953929e-01
   1.8401524e-01
   1.2375393e-01
   2.8619949e-01
   2.9170232e-01
   1.2676441e-01
   3.6866777e-01
   2.7518021e-01
   2.5878355e-01
