  -2.6404267e-01
   2.1572740e+00
   1.0435658e+00
   3.3574666e-01
   1.2544587e-01
   2.4936861e-01
   2.2290146e-01
   3.1212470e-01
   9.7651106e-02
   2.3068966e-01
   1.0576543e-01
   1.0706160e-02
   3.8748033e-01
   7.4939823e-01
   2.6880914e-01
   2.5383093e-01
   2.2123449e-01
   2.0910932e-01
   2.9735589e-01
  -1.4548421e-01
   6.3363428e-01
   1.0279034e+00
   9.4090126e-01
   8.4249442e-01
   3.1916442e-01
   5.7089573e-01
   7.2472269e-02
   1.7360810e-01
  -2.4976937e-01
   4.6449910e-02
  -2.1344062e-02
  -4.0175685e-02
   1.1986850e-01
   4.1164819e-01
  -8.3348361e-02
   4.0866406e-01
   3.3421019e-01
   3.6852049e-01
   2.3865509e-01
  -2.7409419e-01
   1.0964054e-01
   2.0825153e-02
   3.7565286e-01
   8.0787884e-02
   9.7387976e-02
   9.2523132e-02
  -5.9819558e-02
   5.5087616e-01
   1.0941025e-01
   2.7481651e-01
   8.5385110e-02
   1.8986455e-01
   2.7014410e-01
  -2.8712398e-02
   3.4360867e-01
   3.1050018e-01
   1.7352505e-01
   4.1684124e-01
   2.1568952e-01
   1.4344961e-01
   5.5142596e-02
   1.0108951e-01
   1.3024440e-01
   1.8368397e-02
   3.7093800e-01
  -4.2737383e-02
   1.2459209e-02
   3.0695320e-01
  -7.1448729e-02
   1.2713868e-01
  -4.7589527e-01
  -6.5986075e-02
   1.4213733e-01
   1.7617166e-01
   9.9194407e-02
