   8.0748443e-01
   7.1263929e-01
   8.7429348e-01
   9.1312006e-01
   8.2559275e-01
   8.6733199e-01
   9.1083245e-01
   9.6214618e-01
   1.9335049e+00
   1.3163476e+00
   1.0257638e+00
   1.7466966e+00
   7.8582097e-01
   7.8038539e-01
   9.7359259e-01
   8.0594787e-01
   8.6751150e-01
   6.2900115e-01
   1.2343522e+00
   1.2578012e+00
   7.3528826e-01
   5.6483152e-01
   3.3148370e-02
   8.2301309e-01
   7.1072328e-01
   8.3461544e-01
   8.8526413e-01
   1.0702985e+00
   8.2190241e-01
   9.8332777e-01
   9.3657547e-01
   8.0696823e-01
   9.5668266e-01
   9.9580093e-01
   4.1022620e-02
  -2.5633106e-02
   1.0621965e-01
  -3.2353881e-01
   2.2971838e-02
   1.8087110e-02
  -4.2591719e-02
   1.3251715e-01
  -2.7952510e-02
  -3.4977209e-02
  -2.7773837e-03
  -1.0920339e-01
  -1.0402352e-01
   1.8944090e-02
  -1.3761983e-01
   9.2607813e-02
