   6.1869164e-01
   8.0070493e-01
   8.3930201e-01
   6.2555442e-01
   6.6872465e-01
   7.8983754e-01
   6.0497561e-01
   7.6584052e-01
   9.3801853e-01
   1.0515908e+00
   7.2840838e-01
   8.6248830e-01
   6.5995926e-01
   7.7021237e-01
   8.5079984e-01
   6.3828146e-01
   6.6211765e-01
   6.0794791e-01
   8.0030013e-01
   6.2399062e-01
   6.5631212e-01
   7.4445976e-01
   7.0465626e-01
   6.8251382e-01
   7.4247480e-01
   7.0631553e-01
   7.6925499e-01
   6.9044540e-01
   5.8154318e-01
   6.6748059e-01
   5.7949027e-01
   6.8722874e-01
   6.6661746e-01
   8.3021762e-01
   8.8150842e-01
   8.3545468e-01
   5.7950055e-01
   3.8659775e-01
   3.4908154e-01
   3.8779871e-01
   5.0889152e-01
   5.1103146e-01
   5.3564972e-01
   6.0528080e-01
   5.9084846e-01
  -1.0553881e-01
   4.4362351e-01
   3.9380015e-01
   8.8889244e-01
   7.1037738e-01
   7.3100182e-01
   8.0247765e-01
