   3.5381052e-01
   1.4580164e-01
   3.6431038e-01
   4.2869633e-01
  -2.2913858e-02
   2.3204186e-01
   2.7534127e-01
   2.9502055e-01
   1.7591166e-01
   3.1276273e-01
   8.6307025e-01
   7.8987591e-01
   7.5641553e-01
  -6.1367946e-02
   1.2843446e-01
   8.1104224e-03
   1.9945639e-01
   7.4782711e-02
   2.4533266e-01
   2.0021670e-01
  -3.1520057e-02
   4.9466900e-02
   7.8427268e-01
   8.0576849e-01
   8.9430462e-01
   6.3652603e-01
  -3.9567997e-02
  -7.3032486e-02
   2.2853277e-02
  -1.1025626e-01
   1.0528125e-01
  -3.8802759e-02
   2.5228651e-01
   8.2695765e-04
  -4.9114769e-02
   6.0517251e-02
   2.9624503e-01
   1.2248217e-01
   6.1886085e-03
   2.9119670e-01
  -5.9168461e-04
   6.5256525e-04
  -9.5233427e-02
   8.0963068e-02
   1.3271728e-01
   5.5007797e-02
  -3.6883509e-02
   2.6079183e-02
   2.4303129e-01
   9.7489307e-03
   4.5968268e-02
   1.4887974e-01
   1.2529095e-01
   4.8879763e-03
   1.3897683e-02
   9.2171651e-02
   1.0542220e-01
   1.6298229e-01
  -2.4133281e-01
   1.9809672e-01
   2.3727144e-01
   6.5554234e-02
   1.1100390e-01
   3.2287627e-01
   9.9412544e-03
   2.4323779e-01
   1.9771551e-01
   1.5378091e-02
   1.3080665e-01
   1.7460987e-01
   1.1170888e-01
   6.5529922e-02
   8.7840188e-02
  -8.7134388e-02
   1.3259346e-01
   1.7069679e-01
   1.1851320e-01
   1.8476610e-02
  -4.2658888e-02
   1.8403084e-01
   1.9751485e-01
   2.5646894e-01
  -1.4962964e-01
   1.0340641e-01
   3.1427416e-02
  -4.4503368e-02
   2.1795853e-01
  -8.4643717e-04
   8.3734455e-02
  -1.5372577e-02
   1.6992857e-01
   9.8795209e-02
  -3.8649494e-02
   8.8902021e-02
   1.7041277e-01
   1.8380188e-01
  -4.8262604e-01
   1.6161536e-01
  -1.4186180e-01
  -1.0351257e-01
  -6.7195174e-02
   1.1863152e-01
  -1.9440204e-01
   1.2661849e-01
   1.3990756e-01
   1.2210036e-01
   1.3720923e-01
  -4.3729215e-02
   1.9278515e-02
   1.9340513e-01
  -1.0158432e-01
   3.9532269e-02
   2.0661028e-01
   2.0025127e-01
   2.1823740e-01
  -4.0419277e-01
   1.4079044e-01
   1.9374946e-01
   9.2223136e-02
   2.3480875e-01
   1.9507221e-01
   3.6477713e-02
  -2.0498723e-01
   2.4997876e-01
  -8.1349619e-02
   1.9575226e-01
   2.1600122e-01
  -4.9804501e-02
   5.3650545e-03
   3.5050500e-02
   1.0816718e-01
   1.3605603e-01
  -2.1575272e-02
   1.6803382e-01
   2.1757148e-01
  -4.0938175e-02
   1.7162910e-01
   1.7751520e-01
  -3.7400979e-01
   3.3791228e-01
   1.2118778e-01
   6.9125469e-02
   1.4433395e-01
  -1.4069360e-01
   1.2984124e-01
   1.6104249e-03
  -2.5010373e-02
   1.4924430e-01
   1.2855225e-01
   6.5269047e-02
   2.6334876e-02
   1.3706223e-01
   1.3401273e-01
   8.7239633e-02
   5.0334836e-02
   1.6784583e-01
   1.6747790e-01
   1.6611702e-02
