   9.3767295e-01
   1.0094678e+00
   1.0767521e+00
   1.1659683e+00
   9.0220704e-01
   1.0237893e+00
   9.7619393e-01
   1.0469704e+00
   1.0280687e+00
   1.0142862e+00
   1.1698976e+00
   1.1310823e+00
   1.1058449e+00
   1.0128808e+00
   1.0394767e+00
   9.5527809e-01
   9.7699830e-01
   8.3755510e-01
   5.8558318e-01
   9.1607834e-01
   7.7992978e-01
   1.1043315e+00
   8.5155266e-01
   8.6442771e-01
   9.4536402e-01
   7.9579638e-01
   9.7275052e-01
   9.0440088e-01
   8.6080820e-01
   8.2250681e-01
   1.0113712e+00
   9.0168548e-01
   9.3322535e-01
   8.4617450e-01
   7.6590581e-01
   9.0721121e-01
   1.4881980e+00
   1.0182171e+00
   9.3780210e-01
   9.0473986e-01
   1.0127401e+00
   9.7949631e-01
   9.5343507e-01
   1.0059615e+00
   7.9140592e-01
   1.0129479e+00
   8.7113452e-01
   6.7739722e-01
   9.4312999e-01
