   3.6197009e-01
   1.3763347e-01
   6.5836032e-01
   6.3539221e-01
   1.1546181e-01
   2.0735483e-02
   1.9803910e-01
   3.4653613e-01
  -8.6164638e-02
   1.1966634e-01
  -2.6896361e-04
  -9.3228562e-02
   7.4788125e-02
  -1.2866380e-01
   6.3432078e-02
   4.0850183e-01
   8.7000377e-01
  -5.5581849e-02
   1.6032395e-01
   1.8882617e-01
   8.5969592e-02
   5.1793253e-02
   1.0522397e-01
   1.0868915e-01
   9.4722643e-02
   5.4240156e-02
   1.3460924e-01
   1.7252243e-01
   5.0699284e-01
   4.9802044e-01
   5.9302509e-01
   5.0582858e-01
   8.6103285e-02
   1.2212130e-01
   8.6016937e-01
   3.2376390e-01
   7.1090656e-02
   1.7636157e-01
   4.2487626e-01
   1.5828415e-01
   1.7296065e-01
   1.2131988e-01
   2.0937281e-01
   1.3754297e-01
   8.6720022e-02
   2.3705816e-01
   2.5665387e-01
   4.4665442e-01
   7.9886893e-01
   8.2128640e-01
   6.4239435e-01
   9.0789072e-01
   9.1778917e-01
   9.3612898e-01
   1.0759992e+00
