  -4.6282223e-01
  -6.6623727e-01
   1.3039083e-01
   3.0489015e-01
   4.3421652e-01
   6.6646914e-02
   2.2089239e-01
   1.0583664e+00
   5.0390558e-01
   1.2121080e+00
   9.3223753e-01
   1.0548564e+00
   8.4499165e-01
   1.6025438e+00
   6.1065242e-01
   1.6474992e-01
  -5.2020030e+00
  -1.5398728e-01
   1.3572901e-01
   4.7359237e-01
   3.7586507e-01
   1.2973061e-01
   2.6268249e-01
  -1.7938145e-01
   3.0912440e+00
   5.5284052e-02
   1.1428588e+00
   7.8990143e-01
   8.1374232e-01
   5.1229155e-01
   4.2373608e-01
   4.9097525e-01
   1.6711540e+00
   1.2309629e+00
   7.4756891e-01
   1.0745901e+00
  -1.7835006e+00
   2.2836947e-01
   4.3504351e-01
  -1.8859544e-01
   4.7090842e-01
   1.4010051e-01
   5.3042102e-01
   2.1142721e-01
  -4.5774794e-03
   1.0213210e+00
   2.9583252e+00
  -2.7237365e+01
   1.4028570e+00
  -1.0687804e-01
   1.7804303e-01
   6.2751041e-02
  -7.6441506e+00
  -2.7882019e-01
   1.1414875e+00
   1.0286530e+00
   9.3685362e-01
   1.4644464e+00
   8.4268165e-01
   7.5891191e-01
   1.2934910e+00
   8.0743201e-01
   1.1015819e+00
   7.5431777e-01
   7.1444586e-01
   7.1594986e-01
   1.0544062e+00
   8.5048793e-01
   4.0361791e-01
   6.8566167e-01
   1.2678436e+00
   5.8779513e-01
   6.5985354e-01
   4.9533091e-01
   1.0483486e+00
   8.0209550e-01
   1.0698612e+00
   9.7999462e-01
   1.2822036e+00
   8.3971607e-01
   6.4503932e-01
   6.1690395e-02
   1.2024056e-01
  -9.9921198e-02
   1.1591432e-01
   2.3117735e-01
   3.8084368e-02
   4.2301273e-01
   8.3553646e-01
   1.0128403e+00
   7.3488484e-01
   8.0088153e-01
   6.5502097e-01
   1.3320887e-01
   2.4031094e-01
   3.4514968e-01
   5.3558010e-01
   1.8070767e-01
   3.5754730e-01
   8.4351922e-01
   8.9556530e-01
   4.1230170e-01
   5.3870247e-01
   4.0813519e-02
   2.7988448e-01
   7.6588586e-01
   7.9830737e-01
   3.9939320e-01
   6.3534582e-01
  -5.7829585e-01
