   3.1387682e-01
   1.8427253e-01
   3.6782817e-01
   1.5213221e-01
   1.1241547e-01
   2.5524390e-01
   2.3672144e-01
   2.4003538e-01
   1.2759043e-01
   1.2861629e-01
   1.7665271e-01
  -5.1688878e-02
   2.6620872e-01
  -3.5454059e-02
   1.3697596e-01
   1.4891826e-01
   1.9262221e-01
   1.0300813e-01
   1.4205435e-01
   1.6244105e-01
   1.8407402e-01
   2.4908188e-02
   1.1991630e-02
   1.9007946e-01
  -3.4970390e-02
   7.5763859e-02
  -3.8157266e-02
   1.4198038e-01
  -1.2985848e-01
   1.9992624e-01
   7.5741483e-02
  -5.2756534e-02
   1.0445161e-01
   1.6555907e-01
   1.7928329e-01
   1.3294026e-01
   2.2625179e-01
   1.6517029e-01
   1.3698783e-01
   2.4414319e-01
   1.4907467e-01
  -1.7175806e-02
   3.1237800e-02
   5.9588777e-02
   5.7557405e-02
   1.4829196e-01
   1.9710460e-01
   1.0975598e-01
   1.2621872e-01
   2.1333744e-01
  -1.4873818e-01
   2.3928287e-01
   5.1079326e-03
   1.8495307e-01
