  -1.6033438e-01
   7.6631049e-02
   1.3281295e-01
   6.3157112e-01
  -8.8661475e-01
  -2.8566497e-01
   8.3945901e-01
  -5.8446529e-01
  -5.3507746e+01
   1.4954402e-01
   1.1725845e+00
  -4.6467578e-01
   8.3985719e-01
   5.4602409e-01
   1.9447335e-01
   3.1367536e-01
   3.1384976e-01
  -1.0801187e-01
   4.9530824e-01
   1.4760645e-01
   6.0826917e-01
   7.3216824e-01
  -3.1015761e-02
   8.0458653e-01
  -3.6617753e+00
   3.3527600e+00
   9.5498061e-02
   2.8875771e-01
  -4.2538204e+00
  -5.0121947e-01
  -3.1540122e+00
   9.1550544e-01
   2.1483904e-01
  -2.3392425e+00
  -4.4634829e-01
  -2.2115846e+00
   1.0133885e+00
  -5.0510869e-01
  -3.3437776e-01
   2.2352149e-01
   1.3116356e-01
  -1.0030046e-01
   3.8523906e-01
   2.1542842e-01
   1.4765106e-01
  -1.6478271e+00
   3.9620809e-01
   2.5278925e-01
   1.5702492e-01
   2.9590077e-01
   3.0031876e-01
   2.0500871e-01
   1.5657747e-01
   2.3693236e-01
   4.2448350e-02
   4.2806159e-02
   2.7236363e-01
   3.1409071e-01
  -1.0014325e+01
   8.7663911e-01
   1.0427634e+00
   9.8596715e-01
   1.1594379e+00
   3.5420836e+01
   1.1679360e+00
   1.1574512e+00
   3.0890020e+00
   1.1561640e+00
   9.0551132e-01
   1.2428753e+00
   7.3426988e-01
