   6.0968931e-01
   5.2203838e-01
   6.8591168e-01
   1.1919779e-01
   7.5462480e-01
   4.1696337e-01
   7.6306467e-01
   1.3330144e-01
   5.5129006e-01
   4.9160949e-01
   6.6428383e-01
   6.5023512e-01
   4.6362721e-01
   7.4444732e-01
   8.2206510e-01
   7.1333287e-01
   2.2016755e-01
   6.1171629e-02
   1.9495227e-01
   1.8155942e-01
   5.0554636e-01
   1.4364793e-01
   1.2455945e-01
   1.4199348e-01
   5.6375149e-03
   4.0660920e-02
   2.4867137e-01
   1.7412136e-01
   1.0968925e-01
   1.0418155e-01
   9.2686233e-02
   2.1060777e-01
   1.4101934e-01
   2.6419194e-01
   2.1110142e-01
   1.1030975e-01
   4.5044999e-01
   1.1580418e-01
  -2.9082685e-01
   1.3489931e-01
   1.3385766e-01
  -1.4944264e-02
   1.6326085e-01
   1.3644054e-01
   5.6230351e-02
   8.2957635e-02
   1.7272016e-01
  -1.2268169e-01
   5.2260815e-01
  -1.0366350e-01
   2.1787847e-01
   2.1968755e-01
   2.7127332e-01
   1.7612004e-01
  -1.4398053e-01
   1.1480060e-01
   1.7841800e-01
   1.7771809e-01
   6.6029917e-02
   2.0739932e-02
   2.8058931e-01
  -4.9057981e-02
   1.7540712e-01
   8.8245202e-02
   2.0722213e-01
  -1.7319150e-01
  -4.7331018e-02
   1.2220931e-01
   2.2394990e-01
   2.8344356e-01
   2.6207363e-01
   1.3450543e-01
  -2.3625585e-01
   1.6190194e-01
   1.7082033e-01
   1.6667993e-01
  -1.7640337e-02
   1.0743820e-01
  -1.8449414e-02
  -1.6975013e-01
   1.9144440e-01
   4.5697107e-02
   1.8187023e-01
   1.0253992e-01
   2.3605708e-01
   1.4608477e-01
   1.9778553e-01
   1.9239801e-01
   3.3334630e-02
  -1.2915702e-01
   1.9896891e-01
   2.4625523e-01
   9.3831077e-02
  -1.9660120e-01
   7.2145924e-02
   2.1753019e-01
   3.0414438e-01
   2.5158198e-01
   2.8759000e-01
   2.3200466e-01
   2.2457662e-01
   1.4262894e-01
   3.2271622e-02
   1.4252766e-01
   1.2805172e-01
   1.2368753e-01
   2.3576720e-01
   2.1141962e-02
   6.4755693e-02
   1.3868457e-01
   1.0435227e-01
   1.1500410e-01
