   7.2813421e-01
   8.7678913e-01
   7.8738764e-01
   8.4530932e-01
   8.4738330e-01
   8.1932290e-01
   9.5366566e-01
   1.0125887e+00
   1.1800551e+00
   1.0046593e+00
   1.0023636e+00
   1.2833628e+00
   7.1276499e-01
   8.5212865e-01
   9.3357137e-01
   8.8066486e-01
   8.8914922e-01
   8.7735305e-01
   1.0481278e+00
   1.0127888e+00
   8.3249838e-01
   9.8786994e-01
   8.7995740e-01
   9.0035149e-01
   8.3527302e-01
   8.7351205e-01
   9.6514766e-01
   1.0329125e+00
   8.8822649e-01
   1.0322793e+00
   9.9936721e-01
   9.3182085e-01
   1.0764020e+00
   3.7458264e-01
   4.7896375e-02
   1.5806183e-01
   2.4630023e-01
  -1.4066687e-01
   7.4390641e-01
   1.1683822e+00
   9.8256928e-01
   7.3747642e-01
   5.3733162e-02
  -5.3802415e-02
   1.4031806e-01
   1.2837055e-01
   9.1928051e-01
   8.5051191e-01
   9.8059726e-01
   5.0294864e-01
   1.0924063e+00
   6.6614914e-01
   1.0274038e+00
   1.1477059e+00
   9.9881884e-01
   9.9112533e-01
   1.1412164e+00
   9.8773408e-01
   1.1141902e+00
   9.8693336e-01
   1.1768858e+00
   1.0049510e+00
   1.0937296e+00
   1.0779149e+00
   1.0639155e+00
   1.7251911e+00
   1.2546858e+00
   6.1570912e-01
   7.3209406e-01
   1.0223550e+00
   6.7605074e-01
   5.3511932e-01
   7.7971629e-01
   8.4115570e-01
   5.6740192e-01
   5.0473364e-01
   2.3696618e-01
   8.6597718e-01
   5.2014408e-01
   4.4360373e-01
   2.7055703e-01
   2.7362159e-03
   2.5356858e-01
   2.0532910e-01
   1.3050532e-01
   3.1145390e-01
   2.1198740e-01
   3.8417811e-01
   4.1275073e-01
   2.1250520e-01
   2.5555087e-01
   3.1106063e-01
   3.0760668e-01
   1.2575448e-01
   9.1676998e-02
   2.0647278e-01
   2.0472727e-01
   1.7215379e-01
   2.9942517e-01
   1.3953276e-01
