   7.6907765e-01
   1.1927224e+00
   8.6733571e-01
   7.4440863e-01
   1.0651766e+00
   6.4318579e-01
   7.2477143e-01
   7.9543868e-01
   1.0596601e+00
   7.5767249e-01
   8.1275358e-01
   1.0027461e+00
   8.6409317e-01
   8.9211690e-01
   9.2263431e-01
   9.9540313e-01
   8.3029311e-01
   1.3658514e+00
   8.4102820e-01
   1.0118203e+00
   9.2977737e-01
   1.0220055e+00
   8.0598329e-01
   8.5566035e-01
   8.4926489e-01
   1.0536845e+00
   1.3076458e+00
   8.2108413e-01
   9.1429390e-01
   8.0371466e-01
   7.9528511e-01
   1.1069189e+00
   8.3107762e-01
   9.1598584e-01
