   4.6789459e-01
   1.0139250e+00
   5.2599075e-01
   2.8225131e-01
   2.1162579e-01
   2.6321775e-01
  -5.9912799e-02
  -4.3769063e-01
   2.7132128e-01
   5.5063361e-02
   2.6817481e-02
   1.1747066e-01
   3.5637037e-03
  -1.1224599e-01
   4.4706276e-02
   3.6124123e-01
  -9.0605346e+00
   9.4836912e-01
   6.7542482e-01
   1.1911316e+00
   6.9787542e-01
   8.6936526e-01
   8.1679663e-01
   8.5918322e-01
   5.8437745e-01
   7.7854501e-01
  -1.5894655e-01
   1.0201168e-01
   1.4904641e-01
   1.8136454e-02
   8.1312885e-03
  -2.8682305e-01
   3.6131861e-02
   2.1497465e-01
  -5.5119658e-02
   4.4760981e-02
   2.5508145e-01
  -2.7300684e-02
   1.7629889e-01
   1.3752142e-01
  -1.0200840e-01
   1.0356798e-01
   4.8143634e-02
  -4.7992415e-02
  -6.6751346e-03
   1.1619897e-01
   1.3394917e-01
  -4.8661896e-01
  -4.8761345e-03
  -1.5472784e-01
  -1.1662706e-01
  -1.8622786e-01
   2.2934691e-01
  -1.9222063e-01
  -4.0563006e-02
  -5.9606559e-03
   2.2781521e-01
   6.4766651e-02
   3.0533143e-01
   3.4604501e-02
   4.2799863e-02
   1.5500513e-01
   2.7637337e-01
  -1.2837305e-02
   1.4888434e-01
   4.6914180e-01
   3.7726084e-03
   2.1028385e-01
   4.3066807e-02
   3.8338974e-02
  -5.4028698e-02
   5.7777947e-02
  -5.6542870e-02
   1.3984173e-01
   8.4113069e-03
  -3.3172945e-01
  -1.7155516e-01
   1.8934824e-01
   1.1312749e-01
   1.7454417e-01
   9.0044553e-02
   1.0761309e-01
   5.2274697e-02
   1.2797844e-01
   8.6404855e-02
  -6.0317697e-02
   1.4104710e-01
  -7.5924354e-02
  -5.2209212e-02
   6.3120291e-03
   2.3968991e-01
   1.7119248e-01
  -5.8328235e-02
  -1.8063363e-01
  -5.3833893e-02
   7.1941891e-02
   9.4529882e-02
   2.1677003e-01
   1.5632671e-01
   1.9011981e-01
   1.0624043e-02
   7.6905981e-03
   1.7851925e-01
   9.9756784e-02
   1.2178796e-01
  -5.9222944e-01
   2.2250015e-01
   2.1755151e-01
   1.8308907e-01
   9.6985702e-02
   1.8837234e-01
   1.4092516e-01
   1.0055918e-01
   2.6971596e-01
   2.5793149e-01
   4.1363580e-02
   2.3589660e-01
   1.8097711e-01
   2.4287977e-02
  -1.3709195e-01
   2.5400678e-01
   3.2878634e-01
   4.2239367e-01
   1.2175203e-01
   8.1407080e-02
  -1.5571913e-01
  -1.3398601e-01
  -2.0093565e-02
  -1.9105096e-01
   1.1083356e-01
   1.0802797e-01
  -4.2497387e-02
  -2.4359576e-01
   2.1425496e-01
   5.9768744e-02
  -6.8658711e-02
   2.3275050e-01
   1.7767508e-01
   2.6113441e-01
   3.0892450e-01
  -9.2849372e-02
   2.4678515e-01
  -4.7806926e-02
  -8.8333099e-02
  -2.9121394e-01
   2.6756347e-02
   7.7505374e-02
   7.9472757e-02
  -3.4269538e-01
   1.0285378e-01
