   9.6283293e-01
   1.0186654e+00
   8.3770015e-01
   9.1623637e-01
   8.7251045e-01
   8.3046978e-01
   8.6680256e-01
   9.9432499e-01
   8.9123663e-01
   9.9422226e-01
   9.2381660e-01
   1.0143853e+00
   9.6458064e-01
   8.9766705e-01
   9.3441683e-01
   9.2135168e-01
   1.0098799e+00
   9.8297793e-01
   9.6579248e-01
   1.0563741e+00
   8.6998333e-01
   1.0967741e+00
   9.2812041e-01
   1.0768069e+00
   8.9525807e-01
   9.6503859e-01
   1.0400221e+00
   9.8396993e-01
   9.9872328e-01
   1.0006713e+00
   3.3930639e-01
   4.4359208e-02
  -1.8297344e-02
   4.8168654e-01
   3.7626876e-01
   3.0958210e-01
   4.7269847e-01
   6.1922385e-01
   3.6425953e-01
   3.8267020e-01
   1.9526831e-01
   2.6523540e-01
   2.7940459e-01
   2.9661583e-01
   4.2911044e-01
   4.4433123e-01
   3.6693245e-01
   3.3546894e-01
   4.7188196e-01
   3.3367876e-01
   9.1701006e-02
   6.5458991e-01
   2.5285291e-01
   2.6781044e-01
   2.9557899e-01
   4.5731287e-01
   3.1626942e-01
   4.9417006e-01
   3.3739968e-01
   4.9449573e-01
   3.9056604e-01
   3.9105564e-01
   3.0078003e-01
   2.7852259e-01
   3.8275603e-01
   2.3419290e-01
   2.4915722e-01
   3.2830713e-01
   2.2350716e-01
   3.2231906e-01
   7.0797381e-03
   2.9529119e-01
   5.2452813e-01
  -1.4639605e-02
   5.1394648e-01
   3.1514209e-01
   5.5482644e-01
   4.8912051e-01
   2.8337874e-01
   7.2174962e-01
   4.8795815e-01
   1.3890189e-01
   2.3614421e-01
   4.2993304e-01
   3.5699436e-01
   3.4638167e-01
   2.4952927e-01
   4.0633511e-01
   4.2085245e-01
   4.8095439e-01
   9.1698951e-01
   9.7469004e-01
   1.0746161e+00
   9.6449445e-01
   1.1753193e+00
   1.0241602e+00
   9.4673064e-01
   9.2680907e-01
   9.4969247e-01
   1.1093404e+00
   1.0497299e+00
   1.1856376e+00
   9.1197972e-01
   1.1035893e+00
   9.6401702e-01
   9.5226224e-01
   1.0350637e+00
   9.9885398e-01
   1.0519117e+00
   9.7519141e-01
   1.0165356e+00
   1.0337724e+00
   9.9920558e-01
   1.0175356e+00
   9.8739236e-01
   9.4882231e-01
   9.7948916e-01
   9.8235255e-01
   9.4522057e-01
   9.4627303e-01
   1.0154363e+00
   9.3740489e-01
   9.6283991e-01
   9.3540875e-01
   1.0224506e+00
   9.7683799e-01
   9.8385834e-01
   9.5688270e-01
   9.6792501e-01
   1.0259837e+00
   9.3668306e-01
   9.1637227e-01
   9.7391890e-01
   1.0174691e+00
   9.9298365e-01
   8.9301719e-01
   9.1566270e-01
   9.6530944e-01
   9.6423934e-01
   9.1753692e-01
   9.1301033e-01
   9.9652787e-01
   9.5235818e-01
   9.7181771e-01
   8.8841479e-01
   9.3357818e-01
   9.4803436e-01
   8.8243842e-01
   9.6900262e-01
   9.6713726e-01
   9.5596501e-01
   9.2358247e-01
   9.9369185e-01
   9.1814367e-01
   9.7310712e-01
   1.0135050e+00
   9.7159641e-01
   9.6991819e-01
   1.0051435e+00
   9.3164766e-01
   9.3481315e-01
   9.6505313e-01
