  -1.4378883e-01
   2.5776767e-01
   7.1996435e-02
   2.0403553e-01
   1.9956961e-01
   1.3673551e-01
   1.2362712e-01
   2.5640953e-01
  -1.9256687e-01
   1.1402720e-01
  -2.7435131e-02
  -1.4471095e-01
   2.0925051e-01
   3.5880839e-01
   2.1144290e-01
   2.4969277e-01
   1.7540909e-01
   2.5914729e-01
   3.9344528e-01
   4.2313635e-01
   2.2518357e-01
   4.0274350e-01
   3.7842455e-01
   1.8939794e-02
   5.5597731e-01
   3.7647181e-01
   3.1888204e-01
   3.0147813e-01
   2.0593587e-01
   1.4417994e-01
   4.8158648e-02
  -1.8464656e-01
  -1.6513868e-01
  -4.8965127e-01
   4.0667408e-03
   2.1854940e-01
   1.0558726e-01
   2.4513896e-01
   2.1141044e-01
   1.5017480e-02
   8.9305626e-03
   1.7438990e-01
   9.2090703e-02
   1.3583492e-01
   7.9754158e-02
   3.2316189e-01
   1.9470202e-01
   1.1528442e-01
   6.5510905e-02
   3.0304380e-01
   2.2354068e-01
   2.7023285e-01
   4.6979170e-02
   3.7864637e-01
   2.0342577e-01
   5.2036838e-01
   5.9631536e-01
   3.9971158e-01
   6.6186310e-01
   3.6685060e-02
   1.5387659e-01
   2.2215025e-01
   2.2123038e-02
   4.1493300e-02
   1.0973039e-01
   3.4630331e-01
  -1.9371706e-01
  -2.5077785e-02
