   1.2323857e-01
   2.5945555e-01
   2.3407193e-01
   3.2551913e-01
   2.7859489e-01
   2.9797446e-01
   3.3182004e-01
   5.9563825e-01
   1.1224332e+00
   9.4554053e-01
   8.9252048e-01
   1.0628018e+00
   1.0584036e+00
   9.6585852e-01
   8.9517517e-01
   9.0966758e-01
   1.0228164e+00
   1.2594590e+00
   1.1437140e+00
   1.0331018e+00
   8.9956838e-01
   1.1129767e+00
   1.1695855e+00
   9.8425275e-01
   9.8986815e-01
   8.4505861e-01
   9.9226052e-01
   9.7198698e-01
   8.8495265e-01
   1.1862544e+00
   9.7642509e-01
   1.0273990e+00
   1.1242693e+00
   1.0665353e+00
   8.9387743e-01
   9.1161412e-01
   1.0204710e+00
   1.2775052e+00
   9.6640401e-01
   9.4554973e-01
   1.0343427e+00
