   8.8442889e-01
   8.3160323e-01
   8.4493967e-01
   9.9533460e-01
   7.4097485e-01
   7.1561390e-01
   8.9601531e-01
   7.7340444e-01
   8.2907046e-01
   8.8562894e-01
   9.7979255e-01
   7.8439661e-01
   9.9915682e-01
   8.0483074e-01
   9.1921170e-01
   9.5590469e-01
   9.4592543e-01
   8.5805210e-01
   8.0722114e-01
   7.7276696e-01
   8.2459184e-01
   7.0342550e-01
   7.4191407e-01
   6.1968037e-01
   5.9229608e-01
   6.1192221e-01
   6.9634202e-01
   1.0001676e+00
   8.1137292e-01
   6.5795189e-01
   7.1980763e-01
   7.9273508e-01
   7.7152444e-01
   6.5452101e-01
   5.3544879e-01
   8.2653269e-01
   6.7158989e-01
   7.2764935e-01
   8.5442405e-01
   7.8122173e-01
   7.5603915e-01
   7.8440783e-01
   7.7734457e-01
   6.9929436e-02
