   1.1323239e-01
  -5.7537627e-01
   3.8410154e-01
  -2.0777175e-01
   1.5261199e-01
  -2.2532950e-01
   3.1415146e-01
   1.4955728e-01
   1.8673916e-01
  -9.8982102e-02
   5.2090908e-03
   3.8669447e-02
   1.7722062e-01
  -2.4300320e-01
  -1.1157866e-01
   2.1297412e-01
   1.3511274e-01
   3.0718963e-01
  -9.9747181e-02
   1.1806188e-01
   2.0514084e-01
   2.0561339e-01
  -1.3173928e-01
   5.6235336e-02
   2.4572624e-02
  -1.1828719e-02
   1.0298299e-01
  -8.8024684e-03
  -2.6822929e-01
  -1.0556071e-03
   1.8885782e-01
   2.9399755e-01
  -2.4249359e-01
  -8.3550799e-04
   1.5136864e-01
  -1.1070986e-02
  -4.9275519e-01
   1.9567571e-01
   3.4817534e-01
   1.6354590e-02
   4.4072488e-01
   1.0909297e-01
   6.8584334e-02
   5.9771273e-01
   1.1275102e-02
  -6.2298624e-02
  -7.3282606e-01
  -7.3779411e-04
   8.0745930e-02
   8.1547092e-02
  -4.1846829e-01
   1.0522312e-01
   7.8655909e-02
   6.4278083e-02
  -3.6143348e-01
   3.0222091e-01
   2.3866154e-01
   6.7103749e-02
   1.8508507e-01
