   5.2845102e-01
   5.0128899e-01
   5.7452896e-01
   6.8837014e-01
   5.9814184e-01
   2.3895322e-01
   3.1554898e-01
   6.1308342e-01
   6.6669553e-01
   6.2617141e-01
   5.4411969e-01
   5.6036413e-01
   9.9247964e-01
   1.1304308e+00
   4.9164982e-01
   1.1022065e+00
   9.6073254e-01
   1.5872639e+00
   8.8312546e-01
   1.0310087e+00
   9.4685974e-01
   1.0619190e+00
   1.1036049e+00
   9.9791839e-01
   9.4585346e-01
   1.3008224e+00
   1.7230957e+00
   9.4364309e-01
   1.0585613e+00
   9.6871715e-01
   8.5376988e-01
   1.2445588e+00
   8.7145283e-01
   1.0766102e+00
   9.7898971e-01
   9.9182633e-01
   1.0313187e+00
   9.5455171e-01
   9.9176787e-01
   1.0729839e+00
   9.3823212e-01
   8.0469463e-01
   9.0646989e-01
   9.7313829e-01
   1.0052978e+00
   1.0013036e+00
   1.1341505e+00
   1.0948483e+00
   9.3385683e-01
   1.0247922e+00
   1.2297092e+00
   9.4946049e-01
   1.2224583e+00
   1.0835298e+00
   1.3408380e+00
   1.2850128e+00
   9.9158216e-01
   1.0521260e+00
   1.1440478e+00
   1.4548086e+00
   9.8588864e-01
   2.5445233e-01
   1.9635278e-01
   2.2982138e-01
   2.2777484e-01
   2.5585291e-01
   2.4790276e-01
   8.2741855e-02
   8.3848295e-02
   2.2887640e-01
   2.2340352e-01
   3.9381990e-01
   2.7430416e-01
   9.5353783e-02
   7.4367649e-02
   3.3522520e-01
   1.5575235e-02
   7.9026375e-02
   1.3729301e-01
  -2.3639882e-01
   2.6738435e-01
   1.4957704e-01
   5.7426721e-02
   8.1300795e-02
   1.2639243e-01
   1.2088889e-01
   2.3975944e-01
   3.4413841e-01
   3.1545732e-01
