   2.2268754e-01
   8.0005927e-02
  -2.2694161e-01
   4.1456906e-01
   1.2018931e-01
   2.5811649e+00
   3.6663982e-01
  -4.1191755e-02
   6.0332231e-01
   6.9074538e-02
   5.1548379e-01
   3.0266832e-02
   1.4169948e-01
   2.9159577e-01
  -2.5811186e-02
   2.0290592e-01
   1.7183077e-01
  -1.1653550e-01
   7.0761520e-01
   1.2139054e-01
   5.9941035e-01
   1.0068717e+00
   1.6956105e-03
   2.7329105e-01
   1.1763231e+00
  -1.1761503e-01
   2.0762988e-01
   5.4838088e-01
   5.5949432e-02
   7.2921260e-01
   5.5150719e-01
   4.3562731e-01
   5.6822784e-01
   1.3828853e+00
   1.2404564e+00
   1.3713956e+00
   1.5092081e+00
   9.6891748e-01
   1.1549759e+00
   9.3223171e-01
   1.1939042e+00
   1.3756783e+00
   1.1229585e+00
   1.0081590e+00
   1.2951609e+00
   1.2373430e+00
   1.2782529e+00
   1.4440356e+00
   9.9336880e-01
