   1.1080240e-01
   1.9404567e-01
  -2.1353392e-01
   4.6749325e-01
  -9.9653788e-02
   1.5845419e+01
   1.2868908e+00
  -2.9238313e-01
   9.1333240e-01
   1.4990481e-01
   6.1237503e-01
   9.2738606e-03
   2.6516361e-01
   2.8484958e-01
  -3.4271431e-01
   2.3624541e-01
   1.7636974e-01
  -3.5300911e-01
   6.1438004e-02
  -1.9830390e-01
  -2.1104032e-01
   3.0175050e-01
   2.8042413e-01
   8.6934920e-01
   5.4509876e+00
   1.5366941e-01
   4.5823568e-01
   6.2039407e-01
   3.6616962e-01
   7.9713649e-01
   4.6960638e-01
   1.1453304e+00
   5.8789747e-01
   1.3101747e+00
  -1.2181363e+00
   5.0968424e-01
   9.2606836e-01
   2.8200133e-01
   5.1542837e-01
   4.7092897e-01
   7.9860208e-01
   8.4411890e-01
   7.1899328e-01
   6.5859748e-01
   6.9536554e-01
   7.1139989e-01
   5.9776980e-01
   1.5189139e+00
   8.1418737e-01
   9.2302783e-01
   7.2870772e-01
   6.9436742e-01
   4.7047077e-01
   9.2680077e-01
   1.0638017e+00
   5.7113570e-01
   5.7281484e-01
   8.7852147e-01
   1.1679078e+00
   7.6117356e-01
