   1.3064082e-01
   1.5916846e-01
   2.0047391e-01
   4.6910575e-01
   1.3160678e-01
  -2.9399250e-02
   2.0778517e-01
   1.6472099e-01
   1.1266934e-01
   4.0206623e-01
  -2.2965729e-01
   2.6509474e-02
   7.2101182e-01
   6.5890160e-01
   7.3275120e-01
   6.5305562e-01
   7.9983878e-01
   7.4112074e-01
   6.7846355e-01
   5.9535254e-01
   7.5701879e-01
   6.2911921e-01
   6.3775545e-01
   4.6707143e-01
   2.0573654e-01
  -2.2314194e-02
  -1.5462324e-02
   2.0790597e-01
   1.5261255e-01
   3.4211827e-01
   2.0702674e-01
   2.4788562e-01
   9.2488277e-02
  -7.4796455e-02
  -1.7764178e-02
   5.8235471e-02
   1.2712602e-01
   1.3439194e-02
   3.3227560e-02
   1.4277400e-01
   8.2038361e-02
  -9.0985256e-02
   1.2770593e-01
  -2.2474907e-01
   5.0730047e-02
  -1.5341269e-01
   3.1367107e-02
   7.6932219e-02
  -7.8878253e-02
   5.4215501e-02
  -1.9145828e-02
   1.8987937e-02
   1.3586391e-01
   2.1148915e-01
