   8.8138354e-02
   1.4388511e+00
   4.4747697e-01
   2.4319787e-01
  -4.6095858e-02
   2.6218808e-01
  -9.1834471e-03
   2.3323602e-01
   4.4153233e-03
   4.2111000e-01
   2.6103511e-02
   3.6226369e-01
   1.0728289e-01
   2.4220867e-01
   3.8801981e-01
  -5.3690735e-02
  -3.8849455e-01
   1.8745942e-01
   2.1464224e-01
  -4.0933946e-01
   2.2384954e-03
   7.4493647e-02
   1.3705583e-01
   4.9245537e-02
   5.5193507e-02
   6.9382032e-02
   2.0418713e-01
  -1.1888603e-01
  -1.9743937e-01
   1.0549366e-01
  -2.9216938e-01
   7.4293968e-02
  -1.1249416e-01
  -4.8557458e-02
   1.5554010e-01
   2.6598959e-01
   8.3402091e-03
   1.3265943e-01
   1.3364280e-01
  -1.6322688e-01
   6.2781761e-01
  -2.0680115e-01
   7.8494269e-01
   3.8984648e-01
   2.4185748e-01
  -6.5873990e-02
   3.0735388e-01
   6.9311634e-02
   1.0912811e-01
   3.1188285e-02
   1.5327900e-01
   1.7735807e-01
  -1.4202701e-01
   2.1213758e-01
   2.3717133e-01
   1.5186302e-01
