   1.1026085e+00
   8.2976039e-01
   1.1151306e+00
   8.1043506e-01
   9.5180386e-01
   6.5065865e-01
   7.3252173e-01
   6.3083518e-01
   6.8273608e-01
   9.7759250e-01
   8.2539875e-01
   9.3093713e-01
   5.8666947e-01
   6.2170218e-01
   1.1520250e+00
   6.9619882e-01
   5.6521205e-01
   7.2853456e-01
   9.7669827e-01
   6.0377564e-01
   6.1701986e-01
   6.4799561e-01
   1.1267736e+00
   7.9684578e-01
   7.3988473e-01
   7.3090203e-01
   7.5409531e-01
   8.5917172e-01
   9.3223427e-01
   2.1728134e-01
   8.0421857e-01
   7.7881515e-01
   7.6787684e-01
   9.9572459e-01
   9.2862996e-01
   8.5244928e-01
   7.9372974e-01
   9.3881025e-01
   8.2882477e-01
   1.0377193e+00
   1.3839358e+00
   7.9437513e-01
   1.1791040e+00
   9.0941439e-01
   8.6712056e-01
   8.5320622e-01
   9.3200259e-01
   7.7621183e-01
   1.0113335e+00
   1.1570447e+00
   8.8785384e-01
   1.0708230e+00
   8.1906441e-01
   8.9389575e-01
   8.0799089e-01
   1.0817728e+00
   7.6011258e-01
   8.7046702e-01
   7.1307500e-01
   9.7792159e-01
   1.0172371e+00
   1.0302557e+00
   8.0837586e-01
   7.9380189e-01
   7.0703863e-01
   8.3064459e-01
   9.3405767e-01
   8.7982846e-01
   8.8017160e-01
   7.9711515e-01
   1.2308644e+00
   8.8583018e-01
   8.6600372e-01
   9.6245336e-01
   7.6505637e-01
   7.6734023e-01
   8.4809352e-01
   9.0494929e-01
   9.0170027e-01
   9.9041475e-01
   8.3614436e-01
   8.8897336e-01
   9.7675507e-01
   8.8583889e-01
   8.5560409e-01
   1.0870650e+00
   7.7015954e-01
   1.0620315e+00
   9.4394515e-01
   9.5877306e-01
   9.1050880e-01
   8.8915885e-01
   7.1042521e-01
   8.5484305e-01
   8.8939284e-01
   8.3761036e-01
   7.3446238e-01
   8.8427774e-01
   8.6284741e-01
   8.5802090e-01
   9.0628069e-01
   8.9613787e-01
   1.3197021e+00
   8.8598340e-01
   1.0671841e+00
   7.5966290e-01
   9.6416278e-01
   9.6074213e-01
   8.0364073e-01
   8.8610815e-01
   6.4950090e-01
   7.7678820e-01
   9.0143187e-01
   8.8014113e-01
   7.7337980e-01
   1.2792741e+00
   9.0766647e-01
   8.6428780e-01
   6.4424171e-01
   6.7746093e-01
   9.1705779e-01
   8.6782032e-01
   7.3351621e-01
   1.0910082e+00
   1.0027655e+00
   1.0849695e+00
   9.1435253e-01
   8.6557312e-01
   8.0058484e-01
   9.6061284e-01
   7.9363899e-01
   8.1273322e-01
   9.5561276e-01
   1.0635720e+00
   8.7146465e-01
   8.7994817e-01
   7.7160406e-01
   7.3846303e-01
   6.9394709e-01
   7.7929520e-01
   7.8349341e-01
   8.5772832e-01
   1.1495097e+00
   8.0497721e-01
