   2.6095220e-01
   4.4404813e-01
   5.6592543e-01
  -3.5741572e-02
  -6.4641142e-01
   5.2158647e-01
   2.0084516e-02
   6.9818862e-01
  -4.2860364e-01
   4.9198103e-01
   8.5096260e-02
   5.5724697e-01
   2.0340891e-01
   3.8216539e-01
   3.7355790e-01
   4.6118244e-02
  -6.9107502e-01
   3.1279855e-01
   1.4949613e-01
  -8.9393448e-01
  -3.4029502e-01
   2.0227975e-01
   1.0070054e-01
   1.5954576e-02
   3.3393741e-01
   1.2951630e-01
   2.5159528e-01
  -4.4780162e-02
  -1.2467998e-01
   1.5750332e-01
  -1.2939172e+00
   2.4070258e-01
  -8.7818633e-01
   2.2202696e-01
   2.0577470e-01
   9.5295543e-01
   6.7460467e-01
   3.5175308e-01
   6.7604738e-01
   4.2954111e-01
   5.6355733e-01
   6.0059185e-01
   7.7724141e-01
   9.5358552e-01
   3.6819901e-01
  -3.2000298e-01
   1.3750189e-01
   1.3664591e-01
  -2.0509513e-01
   1.7337499e-01
  -5.4784772e-02
   1.0416245e-01
   8.7255675e-01
   7.0790333e-01
   9.7705023e-01
   5.7122846e-01
   6.5561595e-01
   8.7894584e-01
   7.6932328e-01
   7.6167892e-01
   5.7956400e-01
   7.5917268e-01
   7.4662756e-01
   5.3421245e-01
   1.9730434e-01
   1.1593411e-01
  -7.3027614e-02
   2.7852953e-01
   3.1899074e-01
  -5.3165011e-02
   7.3929139e-02
   6.2601369e-01
  -1.5542556e-01
   3.7233934e-01
   4.4743472e-01
   8.2172913e-01
   7.6804086e-01
   7.1976719e-01
   5.0234651e-01
   1.6775085e+00
   7.6154407e-01
   5.5811020e-01
   2.4084584e-01
   4.0116025e-01
   7.3535598e-01
   9.5346763e-01
   6.7925582e-01
   8.2142687e-01
   9.5855912e-01
   3.5047404e-01
   6.6874918e-01
   8.2456737e-01
   5.6938924e-01
   6.9852450e-01
   6.4788151e-01
   3.6147123e-02
   8.4929606e-01
   3.4496764e-01
   2.5884022e-01
   8.8951414e-01
   8.7827442e-01
   9.1974403e-01
   9.2123023e-01
   1.0099805e+00
   7.8833338e-01
   4.4186263e-01
   9.0407851e-01
   7.6358471e-01
   7.3887312e-01
   6.2363583e-01
   7.8261879e-01
   8.3782242e-01
   7.3972387e-01
   9.2241424e-01
   8.0296348e-01
   7.8152999e-01
   7.5725622e-01
   6.9109224e-01
   6.0287496e-01
   9.2192634e-01
   7.0993766e-01
   7.3464629e-01
   5.9928569e-01
   8.3045190e-01
   3.2429286e+00
   1.0456594e+00
   8.2831625e-01
   8.1437142e-01
   4.1528183e+00
   1.0283801e+00
   7.0660631e-01
   1.6903175e+00
   1.3070620e+00
   8.1513370e-01
   8.9778763e-01
   1.0399768e+00
   7.9553093e-01
   9.7907947e-01
   7.0324866e-01
   7.9632086e-01
   9.2115256e-01
   8.1214301e-01
   8.9379528e-01
   1.1043649e+00
   8.1034585e-01
   9.0677278e-01
   8.2931262e-01
   8.6582604e-01
   9.6474909e-01
  -8.7772625e-02
   4.3996324e-01
   6.6852885e-02
  -2.2152175e-01
   3.1946477e-01
  -1.9211312e-01
   2.5659274e-01
   8.8486762e-01
   9.2480688e-01
   8.9926735e-01
   9.5963297e-01
   1.0547101e+00
   8.7188658e-01
   7.6241072e-01
   8.7151580e-01
   4.2808309e-01
   3.8808671e-02
   8.5386070e-01
