   3.0621175e-01
   3.6713576e-01
   7.9631481e-01
   1.1102760e+00
   1.0132290e+00
   1.0163709e+00
   9.9222514e-01
   1.6339705e+00
   7.3187029e-01
   8.6406029e-01
   8.5821850e-01
   6.4005406e-01
   4.7897312e-01
   8.0811625e-02
  -3.0700655e-02
   4.7849688e-01
   3.1084262e-01
   1.0901118e-01
  -2.3672526e-02
   4.0065292e-01
   4.2300328e-02
   9.6631528e-02
   1.5190781e-01
   2.4101519e-02
   2.6835854e-01
   1.8886126e-02
  -8.7534191e-03
   2.7938285e-01
  -1.0628363e-01
  -8.7053105e-02
  -6.0378717e-02
   3.5776323e-01
   3.1293190e-01
   2.6586340e-01
   3.1097209e-01
   1.3179208e-01
   9.8363235e-02
