   9.6450209e-01
   9.0227771e-01
   8.4290244e-01
   7.6733772e-01
   8.6185846e-01
   8.9016832e-01
   8.8520534e-01
   9.2116929e-01
   9.5984064e-01
   8.5527502e-01
   8.7041514e-01
   9.2926487e-01
   8.7458661e-01
   1.0568700e+00
   9.4024217e-01
   8.6962732e-01
   7.9677602e-01
   9.7424152e-01
   9.5499776e-01
   1.0268809e+00
   6.9151732e-01
   8.9787263e-01
   6.9176294e-01
   9.2446307e-01
   7.7637302e-01
   8.8078047e-01
   7.7854148e-01
   8.9596963e-01
   8.2990897e-01
   9.0517214e-01
   9.2046952e-01
   9.9993695e-01
   9.2388044e-01
   9.5075085e-01
   9.3339521e-01
   9.0658059e-01
   1.0108887e+00
   9.1377062e-01
   9.0502177e-01
   8.6566475e-01
   8.6294263e-01
   7.4449291e-01
   9.6852999e-01
   9.4711221e-01
   9.0138706e-01
   8.4871055e-01
   8.0804180e-01
   8.1498671e-01
   6.4035284e-01
   7.9079353e-01
   8.6896598e-01
   7.4263223e-01
   8.1510939e-01
   7.3694810e-01
   7.3725793e-01
   8.1548755e-01
   8.1003636e-01
   9.8285230e-01
   8.5239796e-01
   8.9120705e-01
   7.1198408e-01
   7.5393961e-01
   8.6076221e-01
   8.2851769e-01
   9.3464054e-01
   8.4014021e-01
   9.2066860e-01
