   2.0331809e-01
   2.4454517e-01
   1.2004082e-01
  -3.3994721e-01
   2.0152547e-01
   1.0220580e-01
   5.2814557e-02
   9.5122796e-02
   5.1486908e-02
  -1.2624051e-02
   9.8357939e-02
  -9.7641848e-03
   7.6526506e-01
   7.3131775e-01
   8.3480771e-01
   1.7055620e-01
   9.4802555e-01
   8.9137312e-01
   6.3944331e-01
   1.0134249e+00
   1.0726085e-01
   6.6006185e-01
   7.5991277e-01
   8.7834087e-01
   1.1015840e-01
   4.3060666e-01
   5.3266428e-01
   8.6310216e-01
   8.7712713e-01
   8.4496947e-01
   4.8420909e-01
   8.3679823e-01
   8.4341736e-01
   5.5379468e-01
   3.6247040e-01
   6.9260948e-01
   8.1053531e-01
   8.9324130e-01
   1.7611103e-01
   7.8365672e-01
   1.1953444e-01
  -5.5708704e-02
   4.3760966e-02
  -1.1210979e-01
   8.4371571e-02
  -4.3105517e-02
   2.3573648e-02
   1.7484793e-01
   6.2113217e-02
   5.5368002e-02
   2.4734845e-02
   7.6857984e-01
   7.1457594e-01
   9.5084001e-01
   9.6504008e-01
   9.7156233e-01
   9.5002686e-01
   9.3554046e-01
   8.2682267e-01
   1.0439957e+00
   1.0103922e+00
   9.6159922e-01
   9.3575840e-01
   9.5402502e-01
   9.5641349e-01
   6.5265500e-01
   8.2760042e-01
   4.4932857e-01
   8.8433492e-01
   9.9949834e-01
   7.6063988e-01
   9.0248030e-01
   6.4767373e-01
   9.7554219e-01
   8.2405645e-01
   9.3132845e-01
   1.0793574e+00
   1.0812546e+00
   1.7325687e-01
   3.1981824e-01
   2.8116463e-01
