   7.5191934e-01
   6.0661621e-01
   6.8315750e-01
   6.3542322e-01
   8.1880992e-01
   5.2237657e-01
   7.5344717e-01
   5.6930178e-01
   7.0058035e-01
   2.8031125e-01
   5.8023388e-01
   6.2996503e-01
   7.3254179e-01
   6.3461225e-01
   5.5721962e-01
   5.9869296e-01
   5.7610179e-01
   5.1556383e-01
   4.7052364e-01
   5.0767024e-01
   4.7228553e-01
   7.1618023e-01
   4.4445992e-01
   5.5855362e-01
   6.0392931e-01
   6.2768691e-01
   2.3775204e-01
   8.5656506e-02
   5.9583890e-01
   6.7758010e-01
   6.6729568e-01
   6.4174068e-01
   6.3454346e-01
   4.8535446e-01
   5.9238588e-01
   5.5438576e-01
   6.3032040e-01
   6.3687606e-01
   6.3207528e-01
   5.5675038e-01
   1.2228800e-01
   7.3373629e-01
   5.6053804e-01
   8.1912191e-01
   7.0260399e-01
   6.3667574e-01
   5.6422397e-01
   5.7484349e-01
   6.8480544e-01
   6.6420554e-01
   7.3194477e-01
   6.5013708e-01
   6.8445615e-01
   5.4455309e-01
   6.0271139e-01
   4.4951220e-01
   4.6484446e-01
   2.6110106e-01
   4.7210931e-01
   6.7639945e-01
   7.2874435e-01
   3.2643717e-01
   5.5243217e-01
   5.7690045e-01
   4.9862105e-01
   5.6133099e-01
   6.1537656e-01
   6.8575071e-01
   3.4176414e-01
   3.7541556e-01
   4.2402980e-01
   7.2659472e-01
  -3.1894827e+00
