   7.0333357e-01
   1.2303707e+00
   1.2131941e+00
   8.4400558e-01
   7.5029352e-01
   8.8621658e-01
   1.0813223e+00
   1.4929092e+00
   9.3474437e-01
   8.8730146e-01
   7.9326882e-01
   8.9908150e-01
   7.3218349e-01
   6.2542143e-01
   8.2570643e-01
   9.5306992e-01
   9.4578521e-01
   8.0810376e-01
   6.4849724e-01
   9.0981931e-01
   6.7152710e-01
   8.7634643e-01
   8.6710398e-01
   8.0502460e-01
   7.1775200e-01
   9.4629119e-01
   5.9132065e-01
   6.3723909e-01
   6.1802497e-01
   6.4254621e-01
   5.9398573e-01
   7.8704687e-01
   7.9430917e-01
   8.1343338e-01
   6.3557410e-01
   7.9109847e-01
   9.5579519e-01
   8.5790159e-01
   5.2181698e-01
