   2.1703976e-01
   2.5782208e-01
   2.3390153e-01
   2.4721568e-01
   2.5969326e-01
   2.1146262e-01
   2.5135280e-01
   1.8160816e-01
   1.4361401e-01
   2.1183866e-01
   1.9371542e-01
   5.9128943e-01
   8.4861506e-01
   7.1587902e-01
   7.5011385e-01
   6.9353600e-01
   8.3081006e-01
   7.7416687e-01
   7.4243373e-01
   7.3120964e-01
   5.9538680e-01
   8.2567537e-01
   8.2830710e-01
   7.4637409e-01
   8.3642858e-01
   7.4665855e-01
   9.0814659e-01
   8.4118587e-01
   9.2015869e-01
   8.0145611e-01
   8.0484110e-01
   7.8561220e-01
   8.4317569e-01
   8.3930460e-01
   8.5014621e-01
   7.5818219e-01
   9.3101956e-01
   9.3047195e-01
   9.8881505e-01
   8.4811154e-01
   1.0271952e+00
   9.3635519e-01
   9.2042691e-01
   8.7933720e-01
   8.6240624e-01
   8.9313446e-01
   8.9308769e-01
   9.1723343e-01
   8.3045537e-01
   7.6260449e-01
   3.8282249e-02
   3.5037862e-02
   7.1226997e-03
   7.4498143e-02
   3.2263179e-02
   5.2003062e-02
   2.1626005e-02
  -3.0842506e-02
   7.0716243e-02
   1.4796848e-01
   5.2961999e-02
   3.6657380e-02
   5.4168105e-02
  -5.5889861e-02
   4.7452074e-02
   4.6976311e-02
   4.5005221e-02
  -7.0011468e-02
  -1.5058560e-02
   1.0170764e-02
  -2.2456265e-02
   3.4984988e-03
   1.0194648e-01
   6.4583055e-02
  -4.7471631e-02
   7.6348693e-03
  -9.4215302e-02
   1.2690284e-02
   4.2998545e-02
   3.7813333e-02
   3.0038067e-02
   4.4205541e-03
   8.9105458e-02
  -1.2565158e-02
   7.8622511e-03
   9.8780280e-02
  -1.3734775e-02
   1.3637709e-02
  -2.6754262e-02
  -1.8831380e-03
   5.0818123e-02
  -1.1566615e-01
   2.6633767e-02
  -2.5844843e-04
   1.1059579e-01
  -9.3772685e-02
   5.5853835e-02
   4.3549188e-02
   7.1232704e-02
   4.6243789e-02
   2.9013151e-02
   5.7914934e-02
   9.0470360e-02
  -2.9917884e-02
   1.9653873e-02
  -4.6007483e-03
   8.0243475e-03
  -4.7086791e-03
   2.2212625e-03
  -7.3523581e-02
   6.5509136e-02
   3.6783476e-02
   6.5897047e-02
  -1.5079464e-02
   5.2020492e-02
   6.3919354e-02
   9.6237014e-03
   1.1032493e-01
   1.0508900e-01
   7.8761966e-02
  -1.0211268e-01
   8.0689171e-02
   8.8143366e-02
  -1.5439232e-01
   1.1538319e-01
   7.8764326e-02
   2.7262126e-02
  -7.4030932e-02
   8.0267272e-02
   1.3651790e-02
  -9.2741707e-02
   8.6314884e-02
   4.3943160e-02
  -7.0158316e-02
  -2.6263489e-02
   3.2151813e-02
   6.8389632e-02
   2.9340329e-02
   9.8586484e-02
   4.7982905e-02
   6.2375403e-02
   4.9883983e-02
   6.0067283e-02
   5.0461395e-02
  -8.6541013e-02
  -3.2242698e-04
   2.8606878e-02
   1.6857655e-02
  -9.3286848e-03
   1.3228810e-01
