   9.5066593e-01
   7.8721319e-01
   7.7362494e-01
   1.1708167e+00
   8.5765876e-01
   8.9060844e-01
   1.2285512e+00
   1.0738485e+00
   9.2656383e-01
   8.9673058e-01
   1.9165615e+00
   1.0241149e+00
   1.2695034e+00
   1.0377291e+00
   8.3930413e-01
   7.3959099e-01
   1.3626685e+00
   8.9709305e-01
   9.0337494e-01
   9.0794532e-01
   2.9453364e+00
   9.2798913e-01
  -1.3131860e+00
   8.2730059e-01
   9.0648843e-01
   9.5299277e-01
   8.5037298e-01
   1.4585832e-01
   1.0546994e+00
   1.0024742e+00
   1.1748019e+00
   1.1002606e+00
   1.0508043e+00
   9.8588776e-01
   8.7453452e-01
   1.7819929e+00
   9.6836198e-01
   7.9310586e-01
   9.4535957e-01
   7.8692781e-01
   8.9273147e-01
   1.0687433e+00
   9.0614672e-01
   9.2931189e-01
