   3.0180250e-01
   9.7894959e-02
   2.3664375e-01
   1.0551252e-01
   2.3999584e-01
   2.0961352e-01
   4.9086005e-01
   1.6711029e-01
   1.9470140e-01
   5.2558776e-01
   3.3896591e-01
  -5.6426008e-02
   1.1460762e-01
   4.5776807e-02
   8.8980944e-02
   2.7437087e-01
   1.7157792e-01
   4.3830658e-01
   5.8396150e-01
   1.8852852e-01
   2.5034355e-01
   8.0752476e-01
   1.0395085e-01
   3.0113645e-01
   1.7164500e-01
  -2.9688807e-02
  -6.2314520e-02
   1.6980983e-01
   5.3433826e-02
   2.4115683e-01
   8.9989485e-02
   1.3563247e-02
   1.2818496e-01
   1.1354478e-01
   1.9044530e-01
   1.5131659e-01
   1.9208055e-01
   1.5580175e-01
   1.4571100e-01
   2.1868484e-01
