   3.0333568e-01
  -1.5209220e-01
   4.7522027e-01
   1.8711002e-01
   3.2573820e-01
  -1.3513673e-01
   2.7534865e-01
   2.7271624e-01
   2.5067734e-01
   1.4642741e-01
   1.7831314e-01
   2.2252712e-01
   1.0817040e-01
  -1.6980646e-01
  -1.9468590e-01
   2.1550666e-01
   2.1407174e-01
   3.1224677e-01
   3.3034810e-02
   2.8536863e-01
   4.4973041e-01
   2.9527677e-01
   4.7063317e-01
   3.0006026e-01
   2.3698620e-01
   2.8063595e-01
   3.5539621e-01
   1.7588874e-01
   2.4138721e-01
   1.6390873e-01
   4.1753146e-01
   4.4000474e-01
   2.5432664e-02
   6.8077484e-02
   1.5721588e-01
   2.7233734e-01
  -1.4776201e-01
   2.4617432e-01
   2.0688952e-01
  -3.4603679e-02
   3.7901412e-01
   2.2514500e-01
   1.1097682e-01
   4.4910187e-01
   1.7232867e-01
   7.0847786e-02
  -3.8275410e-02
   2.6002147e-01
   3.4712698e-01
   2.3185881e-01
