   2.5414562e-01
   2.5467134e-01
   1.8954412e-01
   2.0762740e-01
   2.5821094e-01
   2.1142057e-01
   4.6987726e-02
   3.8533246e-01
   6.8158688e-01
   4.7787302e-01
   5.6983169e-01
  -4.5246973e-01
  -1.0613696e-02
   1.3697513e-01
   1.6183208e-01
   1.6593620e-01
   1.0535712e-01
   2.7136758e-01
   9.2390656e-02
   2.5577464e-01
   2.5163176e-01
   6.5392468e-02
  -1.2206491e-01
   1.6271848e-01
  -4.0267865e-02
   7.5330831e-01
   5.7873743e-01
   9.1390077e-01
   8.4942317e-01
   1.0275112e+00
   1.0384834e+00
   9.5250921e-01
   8.3991849e-01
   7.2858654e-01
   7.9382317e-01
   5.5190225e-01
   1.0424514e+00
   1.2729624e+00
   8.1664075e-01
   1.0909399e+00
   8.3602289e-01
   1.4848901e+00
   1.0666850e+00
   1.5278412e+00
   7.0509889e-01
   8.8496406e-01
   7.3428936e-01
   1.0308714e+00
   9.0764581e-01
   6.1839245e-01
   3.2567817e-01
   3.1839083e-01
   2.3850751e-01
   1.3715985e-01
   4.6671123e-01
   1.9629272e-01
