   2.2411972e-01
   2.2836189e-01
  -1.9090091e-02
   4.4722662e-02
   1.6350467e-01
   9.2322545e-01
   8.4376179e-01
   9.7074196e-01
   7.6845082e-01
   7.1744135e-01
   6.1054311e-01
   3.4935072e-01
   3.4733633e-01
   4.4723825e-01
   5.9529431e-01
   6.1955422e-01
   5.4673377e-01
   6.1297407e-01
   2.4870127e-01
   8.5595183e-01
   1.0287977e-01
   3.6511205e-01
   4.8832735e-01
   3.5876940e-01
   8.5849112e-01
   5.3982315e-01
   4.7372154e-01
   8.0191726e-01
   7.3361285e-01
   5.9160704e-01
   4.4531344e-01
   5.5005276e-01
   8.8434785e-01
