   6.2629001e-01
   1.6126474e+00
   1.5352700e+00
   1.0185719e+00
   8.6474322e-01
   8.6877128e-01
   1.7118018e+00
   7.5342394e-01
   7.6234751e-01
   9.5707918e-01
   4.6354819e-01
   1.0470090e+00
   1.5818607e+00
   1.1006968e+00
   1.0926788e+00
   9.4194196e-01
   9.7374082e-01
   2.1522200e+00
   9.4690319e-01
   9.3087201e-01
   9.7446279e-01
   1.0570065e+00
   1.2113471e+00
   4.2296968e-01
   1.6777101e+00
   1.0005331e+00
   8.1635331e-01
   1.4285825e+00
   9.5596824e-01
   9.2845255e-01
  -3.9782953e+00
   6.4048335e-01
   5.4155785e-01
   9.7552077e-01
   8.5175551e-01
   1.0437969e+00
   1.1845895e+00
   5.4294852e-01
   8.8479876e-01
   1.1399905e+00
   1.5781073e+00
  -2.4804297e+00
   8.2074831e-01
   1.3865268e+00
   8.4501583e-01
   1.0631931e+00
   1.0481818e+00
   1.2204112e+00
   1.4317607e+00
   9.5552160e-01
   4.0587062e+00
   7.8489063e-01
   8.0141884e-01
   8.9399731e-01
   8.6102040e-01
   1.1462912e+00
   1.1618640e+00
   1.0883220e+00
   9.7472180e-01
   1.0659003e+00
   1.0509257e+00
   1.0850455e+00
   7.7607661e-01
   7.9682705e-01
   8.9456040e-01
   8.6686099e-01
   1.1616792e+00
   8.4146943e-01
   9.4753671e-01
   8.5167461e-01
   9.0387899e-01
   8.9357851e-01
   8.6991425e-01
   9.5427759e-01
   8.2869640e-01
   1.3322055e+00
   7.2957734e-01
   8.8000410e-01
   1.0804066e+00
   9.2649962e-01
   7.5510016e-01
   1.0080441e+00
   9.5428825e-01
   1.1332670e+00
   1.1848954e+00
   1.2159460e+00
   1.1911543e+00
   1.0155901e+00
   9.5810118e-01
   9.4376011e-01
   1.0804386e+00
   8.4096139e-01
   9.9410255e-01
   8.7817673e-01
   8.7342015e-01
   1.0778789e+00
   9.0293956e-01
   1.0925461e+00
   9.9559807e-01
   1.0267919e+00
   1.3194371e+00
   1.4908485e+00
   9.7351404e-01
   1.1972688e+00
   1.2421351e+00
   9.5377009e-01
   1.3187908e+00
   1.1866724e+00
   1.0559011e+00
   1.0910070e+00
   1.1497940e+00
   1.1549281e+00
   9.2217036e-01
   1.0742722e+00
   1.1446254e+00
   1.2166341e+00
   1.2057745e+00
   1.4517113e+00
   1.1602137e+00
   2.3123413e+00
   1.0615798e+00
   1.0201722e+00
   1.5518205e+00
   1.2697984e+00
   1.3324615e+00
   1.1773794e+00
