   1.0033473e+00
   9.9471389e-01
   1.0133868e+00
   9.6376848e-01
   1.0420378e+00
   9.7554273e-01
   1.0049018e+00
   9.6106312e-01
   9.9163545e-01
   9.7658161e-01
   9.9703023e-01
   9.8518028e-01
   9.7603245e-01
   9.7675117e-01
   9.7607485e-01
   9.7301004e-01
   1.0296602e+00
   9.7988286e-01
   1.0134681e+00
   1.0378899e+00
   9.9701229e-01
   1.0265785e+00
   9.8451259e-01
   9.9444914e-01
   1.0158576e+00
   9.9658738e-01
   1.0209915e+00
   1.0041268e+00
   1.0524946e+00
   9.6350164e-01
   1.0384029e+00
   9.9098577e-01
   1.0088369e+00
   9.6464869e-01
   9.8262033e-01
   9.8838066e-01
   9.9174092e-01
   9.7814708e-01
   9.7890581e-01
   9.8344984e-01
   1.0218173e+00
   1.0186793e+00
   1.1064890e+00
   1.0458088e+00
   1.0039696e+00
   1.0529248e+00
   9.8849017e-01
   1.0474120e+00
   1.0154601e+00
   9.7811690e-01
   9.8646000e-01
   1.0078679e+00
   1.0122345e+00
   9.9925210e-01
   9.8130686e-01
   1.0108212e+00
   9.6456288e-01
   9.5889737e-01
   1.0080340e+00
   1.0474564e+00
   1.0195622e+00
   9.8921069e-01
   9.8983843e-01
   1.0304825e+00
   9.8483340e-01
   1.0088390e+00
   9.7121350e-01
   9.6579381e-01
   9.7856770e-01
   1.0088265e+00
   9.7650053e-01
   1.0035845e+00
   1.0086551e+00
   9.9184572e-01
   9.7488391e-01
   9.6833942e-01
   1.0517235e+00
   1.0664522e+00
   1.0349004e+00
   1.0064778e+00
   1.0125062e+00
   9.8405642e-01
   9.7340526e-01
   9.7675580e-01
   9.9810886e-01
   9.9860600e-01
   9.9266266e-01
   1.0453668e+00
   9.8061064e-01
   9.9160767e-01
   9.7509493e-01
   1.0081392e+00
   1.0427281e+00
   9.7491491e-01
   9.6979654e-01
   9.8666496e-01
   9.7657349e-01
   9.6683413e-01
   9.7666312e-01
   1.0017009e+00
   9.6057853e-01
   9.5047013e-01
   9.7794562e-01
   9.8913014e-01
   9.6898337e-01
   9.4824374e-01
   9.8120847e-01
   9.8758909e-01
   1.0090722e+00
   9.8628198e-01
   9.7936619e-01
   1.0001475e+00
   1.0080557e+00
   9.7806083e-01
   9.7678400e-01
   1.0101143e+00
   9.8172761e-01
   9.7477327e-01
   9.4866239e-01
   1.0334586e+00
