   1.1175685e-01
   3.5534384e-01
   2.7152360e-01
   4.0511724e-01
   4.6224590e-02
   6.6233904e-01
   2.0089932e-01
  -1.6080594e-01
   4.6570181e-01
   3.6076472e-01
   5.4279097e-01
   4.8537379e-01
   6.9462372e-01
   6.5642869e-01
   1.0744040e+00
   5.8522934e-01
   1.6906908e-01
  -1.5912778e-01
   7.0987751e-02
   6.4112539e-02
   1.5349003e-01
   4.0685312e-01
  -6.3010857e-02
   7.3185854e-02
   3.9061353e-01
  -5.5811866e-02
   1.5330255e-01
   3.3382792e-01
  -3.4336936e-01
   1.6189580e-01
  -3.9707505e-02
   4.9607930e-01
   3.3867858e-02
