   1.2313434e-01
   1.1215118e-01
   2.9406284e-01
   3.7978454e-01
   2.1266453e-01
   1.3870133e-01
   3.5410503e-01
  -6.4731770e-01
   4.2668080e-02
   1.0494778e-01
   1.2072096e+00
  -2.1886292e-02
   1.6967679e-01
   2.8339595e-01
   3.0878225e-01
   1.4635583e-01
   3.5504753e-01
   1.0436942e-01
   5.0212911e-02
   3.8230177e-01
   1.2040188e-01
   2.6110848e-01
   3.0133450e-01
   1.1148358e-01
   9.9512211e-01
   8.6142447e-01
   4.7164730e-01
  -4.3280622e-01
   8.4037405e-01
   9.5186938e-02
  -4.5656773e-02
   2.1589764e-01
   3.8148568e-01
  -3.4619766e-02
   9.7510770e-01
   9.6133782e-01
   2.3408956e-01
   2.2272587e-01
   1.2612026e-01
