   3.2072299e-01
   4.4224965e-01
   4.3488455e-01
   3.8721788e-01
   4.4400902e-01
   6.0668588e-01
   5.3209283e-01
   6.1324589e-01
   5.7133345e-01
   5.0114835e-01
   5.1759320e-01
   5.4188381e-01
   4.3706524e-01
   6.0411001e-01
   9.4549070e-01
   4.8309263e-01
   3.6218256e-01
   2.4924702e-01
   3.4684717e-01
   3.5766847e-01
   3.9301154e-01
   2.7363007e-01
   3.8359998e-01
   3.3265971e-01
   3.5493263e-01
   3.2097863e-01
   3.2119695e-01
   2.2417667e-01
   4.1999862e-01
   3.1576004e-01
   4.2376216e-01
   4.0326009e-01
   6.0710425e-01
   4.2810689e-01
   1.6531522e-01
   1.4838146e-01
   4.0353625e-01
  -6.3971037e-02
   4.8669934e-01
  -4.2202226e-02
   4.3667109e-01
   7.4866083e-01
   8.2501313e-01
   4.6012602e-01
   3.1198932e-01
   3.7810439e-01
   3.8342427e-01
   4.1229052e-01
   7.8021276e-01
  -2.3367921e+00
   7.2572672e-01
   7.3941897e-01
   9.2378498e-01
   9.5084068e-01
   9.8900262e-01
   9.6615823e-01
   1.1297915e+00
   8.9123278e-01
   8.4447738e-01
   8.0995131e-01
   8.2277059e-01
   8.9667124e-01
   8.7754936e-01
   8.2449288e-01
   7.9929913e-01
   1.0729859e+00
   7.3505950e-01
   8.6141725e-01
   5.4441760e-01
   8.3379893e-01
   6.2800779e-01
   1.0204016e+00
   9.6087728e-01
   8.9293840e-01
   8.6962631e-01
   1.0084604e+00
   9.4051121e-01
   7.3633959e-01
   9.0204057e-01
   9.8861169e-01
   9.6100373e-01
   9.3718645e-01
   8.9492720e-01
   9.8333116e-01
   8.2586486e-01
   1.0681466e+00
   9.2668453e-01
   1.1823303e+00
   8.9881148e-01
