  -3.5584594e-01
  -1.4621850e-02
   3.7427729e-01
   8.5205677e-02
   2.6407949e-01
   1.1792338e-01
   2.1308101e-01
   5.4682754e-02
   1.1732439e-02
   2.1678470e-01
  -2.7103142e-01
   4.9267698e-02
   2.1422559e-01
   1.1292916e-01
   3.3094097e-01
   9.2320252e-02
   3.9104230e-01
   2.1877120e-01
   2.3514867e-01
  -3.7992642e-02
   3.6103657e-02
  -5.1524714e-02
   2.8352445e-01
   2.0790576e-01
  -3.5113475e-02
   2.2328524e-01
   1.8688748e-01
   3.5575808e-02
  -2.5918922e-01
  -1.1269622e-01
  -4.3242923e-02
  -4.8044315e-03
  -7.3845131e-02
   4.0842097e-02
  -2.0964808e-02
   3.0236321e-02
   7.8894008e-02
   2.0606839e-01
   1.5416816e-01
  -2.2726236e-01
  -3.2794464e-02
  -1.6792726e-02
   1.0123404e-01
   5.6050614e-01
   8.0176954e-01
   9.0628090e-01
   9.8858576e-01
   2.1359658e-01
  -6.6601219e-02
   1.5893287e-01
   1.2289933e-01
   1.9896332e-01
   2.1621728e-02
  -1.9593800e-01
   1.1146489e-01
   1.4554077e-01
   1.0401498e-01
   1.8656333e-01
   2.4690704e-02
   1.8245070e-02
  -1.0160125e-01
   2.9744882e-02
  -4.3733451e-02
  -1.3900887e-02
   1.9418809e-01
  -2.8215520e-02
   8.3352771e-01
   7.7752994e-01
   1.0624217e+00
   3.0790926e-01
   5.5436395e-01
   8.0913386e-01
   9.1052924e-02
   9.7557887e-01
   4.1469954e-02
   4.0167578e-02
   1.7180468e-02
   1.5970935e-01
   6.6559773e-02
   1.7582524e-02
   6.5584004e-02
  -5.4129364e-01
   1.7626960e-01
   2.6459872e-03
  -2.5298962e-01
   9.5217573e-01
   3.9244653e-01
   9.2417121e-01
   7.6319911e-01
  -7.4251933e-06
   9.8365539e-01
   9.3699756e-01
   1.8960174e-01
  -1.1621433e-01
   1.2651627e-01
  -7.1583829e-03
  -1.1870826e-02
   4.8642177e-02
   1.1484319e-01
   7.2181471e-02
  -1.0391526e-01
  -1.0869477e-01
   1.9026042e-01
   6.0387622e-02
   9.8262181e-02
   5.5838846e-02
   2.1500673e-01
