   5.8823966e-02
  -1.6796158e-01
   1.8504209e-01
   9.3537809e-02
   2.9177819e-01
  -1.4641911e-01
  -2.0576259e-02
   2.2496119e-01
   3.1418923e-01
   2.2956146e-01
   2.5711129e-02
  -2.0693421e-01
   8.2251856e-02
   5.4042162e-02
   1.8293574e-01
   1.5856732e-01
   4.3826064e-01
   2.1930797e-01
   1.7755560e-01
   4.3776057e-01
   6.0754195e-01
   4.4546871e-01
  -1.5844567e-01
   7.8135040e-01
   6.8360289e-01
   1.0369396e+00
   6.1989030e-01
   5.7510805e-01
   5.7372283e-01
   2.2397720e-01
   1.2824569e-01
   4.7928558e-01
   1.3478987e-02
   4.9693202e-01
   8.2547885e-02
   4.6253374e-01
   3.5728671e-01
   4.8322087e-01
  -1.9443288e-01
   6.0846599e-02
   3.5632762e-02
  -2.4116397e-01
   1.9290637e-01
  -2.8019301e-02
   2.8039894e-01
   1.3760747e-01
   1.5867009e-01
   2.0722962e-01
   4.1513899e-02
   2.7054469e-01
   2.6174609e-01
   4.8208493e-01
   4.8865866e-01
   7.9860553e-01
   7.2014843e-01
   1.6935782e-01
   1.3394866e-01
  -8.9697608e-01
  -5.3751477e-02
  -1.8251172e-02
   8.0293111e-02
  -1.0180658e-01
  -8.9695706e-02
   2.1876112e-02
   1.6022775e-02
   3.4361887e-01
   2.1132697e-01
   7.3913313e-02
   2.3490152e-01
   1.6743240e-01
   1.2824675e-01
   3.4865050e-02
   1.9098365e-01
   8.6562463e-02
   9.9757415e-02
   2.6956520e-01
   8.8755295e-02
   1.4090239e-01
   2.2994426e-01
  -7.0070495e-01
  -8.6094360e-02
   4.9585541e-02
