   8.6500628e-01
   6.4856407e-01
   7.0689700e-01
   7.1851753e-01
   7.7550448e-01
   6.8398848e-01
   9.3742616e-01
   8.9626981e-01
   7.8479645e-01
   1.2330508e+00
   7.9373775e-01
   7.7027282e-01
   6.6344052e-01
   8.0910166e-01
   8.6178793e-01
   7.3114163e-01
   2.7120228e-01
   1.4221382e-01
   5.0710301e-02
  -2.3557295e-01
   1.3661132e-01
  -1.2751163e+00
  -7.5105290e-01
  -1.7614753e-01
   6.9469097e-02
   1.9437240e-02
   5.9124270e-01
   2.2876009e-01
   2.5195346e-01
   2.1148628e-01
   2.2541090e-01
   1.8359432e-01
  -5.4852154e-02
   4.5637463e-02
  -2.5659965e-01
   3.8105444e-01
