   4.7961055e-01
   7.9205826e-02
   6.3778438e-02
   1.1384931e-01
   1.6569920e-01
   1.7325430e-01
   2.3947896e-01
   3.6958786e-01
   1.9410099e-01
   2.1581919e-01
   3.3814126e-01
   1.6662890e-01
  -8.4236815e-02
   3.3800355e-01
   2.0289963e-01
   1.1746284e-01
   1.7550073e-01
  -1.3464871e-01
   3.4597683e-01
   6.9558114e-02
   2.2607577e-01
   7.0013715e-02
   2.5307145e-01
   1.7944208e-01
  -1.0346899e-02
   2.1038720e-01
   2.6626711e-01
   2.6928630e-01
   2.5896683e-01
   3.2993673e-01
  -2.1415960e-01
