   4.9719644e-01
  -5.1790675e-02
   4.5826022e-01
   4.2876233e-01
   1.4814130e-01
   5.9686938e-01
   1.0064845e+00
  -1.8228534e+00
   4.3320290e+00
  -2.8355047e-01
   3.5494001e-01
   1.9031130e-01
   1.7034720e-01
  -6.3352052e-03
   4.2862606e-01
   8.7675798e-01
   1.0048620e+00
   9.2286523e-01
   1.1327108e+00
   8.5067980e-01
   1.1181703e+00
   1.3798523e+00
   9.9648918e-01
   1.2708284e+00
   1.2173272e+00
  -2.6963690e-01
  -8.3911680e-04
   6.9677948e+00
  -5.3146362e-01
  -2.1446473e-01
  -3.2242677e-01
  -2.2739864e-01
   2.0993056e-01
   2.6739500e-01
  -8.6991408e-02
   3.9938040e-02
   1.6404014e-01
   1.7291047e-01
   6.9981424e-02
   1.8017897e-01
  -2.1798448e-01
  -3.8678876e-01
  -3.4927393e-01
   9.3043149e-01
   1.9912560e-01
  -1.9794565e-02
  -8.4689709e-02
   1.2106110e-01
   2.8835133e-01
   1.1408713e-01
   8.4780588e-02
   2.4630568e-01
   9.2889722e-01
   5.3966267e-01
  -6.7474230e-02
   1.6885911e-01
  -2.2376418e-01
   2.8445955e-01
  -5.8129524e-01
   1.6618763e-01
   4.0236817e-01
  -7.3244405e-02
   7.5516981e-02
   4.8277060e-01
   8.1112057e-02
  -7.6498291e-01
   3.2013731e-01
   1.3895319e-01
   3.5418601e-01
   2.8171377e-01
  -2.4216513e-01
   2.1308095e-01
   2.3255441e-01
  -9.9800628e-02
   6.3490651e-02
   1.9350460e-02
   3.4978697e-01
   1.7967274e-01
   8.8896940e-02
   2.2188567e-01
   1.5985197e-01
   9.8863525e-02
  -1.0232930e-01
  -1.3552056e-01
   2.8288951e-01
   2.2304549e-01
   1.6314938e-01
   1.0537236e-01
   1.6856312e-01
  -2.4134875e-01
   2.4299031e-01
   8.8834694e-02
  -3.0982898e-01
   9.5960296e-03
   1.4808552e-01
   2.6128917e-01
  -8.5429273e+00
  -7.7045470e-02
  -3.6536761e-01
  -7.5871396e-02
   2.2016978e-01
   5.5015706e-02
  -4.4520406e-01
  -7.4928202e-01
   1.1868172e-01
   1.6038559e-01
   7.0204921e-02
  -2.8775077e-01
   9.4842858e-02
   4.6875055e-01
  -1.5653781e-01
   1.4181185e-01
   2.1948656e-01
   2.3971555e-01
   1.3020462e-01
  -7.7877258e-01
   2.4690484e-01
   4.2104795e-01
   2.6552466e-01
   6.3024595e-02
   2.8887618e-01
   1.0702589e-01
   3.6884325e-02
   2.7533867e-01
  -2.5327969e-01
   3.3173012e-01
   2.7737087e-01
