   6.3047309e-01
   7.2076910e-01
   5.0234461e-01
   8.5552543e-01
   8.2581846e-01
   7.4481802e-01
   6.2437989e-01
   7.6775845e-01
   8.3660165e-01
   8.4963264e-01
   1.0095256e+00
   7.1085253e-01
   7.5603639e-01
   6.1940706e-01
   7.9668862e-01
   6.7969021e-01
   9.0653021e-01
   7.2164802e-01
   6.6987023e-01
   7.8459546e-01
   7.9415766e-01
   8.2850156e-01
   7.6010798e-01
   5.4452424e-01
   7.5336631e-01
   7.7414710e-01
   6.9028877e-01
   8.5478146e-01
   7.6547426e-01
   7.5658095e-01
   8.5204883e-01
   8.2810574e-01
   7.8751751e-01
   7.2559693e-01
   6.6519374e-01
   7.3708758e-01
   5.9758379e-01
   6.7626068e-01
   7.4823755e-01
   7.1858127e-01
   7.3905890e-01
   7.7921390e-01
   5.8656143e-01
   5.2584534e-01
   4.1695028e-01
  -3.5380538e-01
   8.9985757e-02
   2.1930241e-01
  -1.5629529e-01
  -1.1620115e-01
  -9.2165239e-02
  -5.2054034e-02
  -1.9558525e-01
   1.1352081e-01
   1.2815850e-01
   2.2166696e-02
  -1.4757524e-01
   8.3235242e-02
  -9.5100598e-02
  -5.0401158e-01
  -3.3641025e-01
