   9.7309464e-01
   1.1673565e+00
   1.2086635e+00
   1.0803804e+00
   1.0879070e+00
   1.0570768e+00
   1.1836523e+00
   9.2304763e-01
   8.3732520e-01
   1.0300562e+00
   1.1537350e+00
   1.0068136e+00
   8.4347767e-01
   1.3321799e+00
   5.0025855e+00
   1.0418953e+00
   9.0869086e-01
   9.7771814e-01
   1.1114712e+00
   1.0918103e+00
   1.2385723e+00
   1.5111423e-01
  -5.3655860e-02
  -6.3623984e-02
   1.2199024e-01
   2.8968826e-01
   5.6814049e-02
  -4.3056818e-02
   1.2072803e-02
   4.5678796e-02
   1.4762332e-01
   1.8474018e-01
