   5.1414113e-02
   1.7480077e-02
   1.3909847e-01
  -3.8687521e-02
   7.1761468e-02
   1.9673423e-01
   4.6995821e-02
   2.6640908e-02
   7.0155792e-03
   6.5776579e-02
   3.1333449e-02
   7.8970957e-02
   7.4517672e-01
   7.4061682e-01
   7.1240618e-01
   7.8032985e-01
   7.4874694e-01
   8.5024324e-01
   1.0982092e+00
   7.1933747e-01
   7.1100214e-01
   6.7406226e-01
   7.8055491e-01
   6.7990474e-01
   2.1474042e-01
   7.6313267e-02
   1.4572217e-01
   1.9317743e-01
  -5.1155440e-02
   3.2634364e-01
  -6.7097718e-02
   6.9511957e-02
   1.3232132e-01
   1.7106871e-01
   2.9287730e-01
   1.3775940e-01
   2.7101985e-01
   2.1212908e-01
   1.8602190e-01
   2.8961168e-01
   9.1021996e-02
   8.0963314e-02
   3.1972819e-02
   1.3933229e-01
   1.1656052e-01
   1.7655544e-01
   2.4619483e-01
  -1.5085305e-02
   8.1223404e-02
   1.1062523e-01
  -1.3097988e-01
   2.7469182e-01
  -9.7321815e-03
   2.0183363e-01
   1.0825746e-01
   1.8714351e-01
   1.6924221e-01
  -5.6016129e-02
   3.2337527e-02
   1.2132808e-01
   6.6855407e-03
  -4.6844969e-02
   1.4348977e-01
   2.6211761e-01
   7.3410015e-02
   4.0944133e-02
   1.2434599e-01
   2.4756289e-01
   3.9054015e-02
  -4.1027463e-03
   1.1970383e-01
   5.3843162e-02
   1.5688180e-01
   1.8836326e-01
   1.5599718e-01
  -3.3360523e-01
   9.2479144e-02
   2.6721884e-02
   8.5450647e-01
   8.1750882e-01
   9.0599863e-01
   7.9233826e-01
   7.4143791e-01
   7.2265829e-01
   8.2312948e-01
   7.4842032e-01
   8.0677382e-01
   8.7291981e-01
   8.1862607e-01
   7.5940862e-01
   7.8021460e-01
   7.8441820e-01
   7.6296379e-01
   7.9533379e-01
   8.2602306e-01
   8.2020282e-01
   7.1247323e-01
   6.8477419e-01
   8.9527150e-01
   8.4070661e-01
   8.8782966e-01
   8.9190942e-01
   7.8787153e-01
   8.5634219e-01
   8.9418076e-01
   8.0447251e-01
   9.0876865e-01
   9.9098370e-01
   8.6686675e-01
   8.6702460e-01
   9.7314490e-01
   8.0749810e-01
   7.9982283e-01
   8.4624877e-01
   8.5621114e-01
   8.4473369e-01
   7.7760849e-01
   9.1647285e-01
   9.1340752e-01
   9.6387649e-01
   9.5666712e-01
   8.0753471e-01
   9.4438546e-01
   8.5368907e-01
   8.9377702e-01
   9.6887572e-01
   8.6835564e-01
   8.0913513e-01
   8.9673853e-01
   8.9454113e-01
   8.9749991e-01
   8.7259428e-01
   7.4357232e-01
   8.2630666e-01
   7.9253349e-01
   7.7988852e-01
   8.4410067e-01
   8.8640617e-01
   9.6151118e-01
   7.6504787e-01
   8.1042508e-01
   8.4327557e-01
   9.2500079e-01
   8.6203978e-01
   9.5649048e-01
   8.1970408e-01
   7.2177747e-01
   8.3654601e-01
   8.6217413e-01
   8.5923037e-01
   7.0637513e-01
   7.3597136e-01
   8.3383863e-01
   8.3510075e-01
   6.9975872e-01
   7.7581125e-01
   8.4441628e-01
   7.7102988e-01
   7.7998025e-01
   7.7508161e-01
   7.7325747e-01
   8.2428484e-01
   7.4461084e-01
   7.5487204e-01
   7.6517794e-01
   8.5519692e-01
   7.9815880e-01
   7.7487807e-01
   6.5380793e-01
   8.5944932e-01
   7.8031146e-01
   8.6915515e-01
   7.3323908e-01
   8.5197523e-01
   7.7990541e-01
   8.9168006e-01
   7.6351918e-01
   8.0799991e-01
   7.1355169e-01
   7.2496307e-01
   8.5166134e-01
   8.1650343e-01
   7.7231784e-01
   8.2820982e-01
   8.2094436e-01
   8.6764940e-01
   8.6357263e-01
   7.8042148e-01
   7.5142827e-01
   6.6194121e-01
   8.4177889e-01
   7.3714353e-01
   7.3298579e-01
   7.9472362e-01
   9.3271078e-01
   7.6778923e-01
   8.9054448e-01
   7.7718453e-01
   8.3798852e-01
   9.0029734e-01
