   5.9128264e-01
   7.1956473e-01
   5.5219757e-01
   6.3760714e-01
   9.7659176e-01
   7.8420589e-01
   7.9767110e-01
   8.3814945e-01
   8.1061637e-01
   7.5997136e-01
   1.0312997e+00
   6.5944137e-01
   7.4882002e-01
   8.4694461e-01
   8.3503175e-01
   8.6052099e-01
   8.9530092e-01
   7.8669718e-01
   9.5860880e-01
   6.4518363e-01
   8.8994817e-01
   8.1358145e-01
   8.9631967e-01
   6.7566241e-01
   8.2537298e-01
   8.0025391e-01
   1.1132519e+00
   9.1849664e-01
   1.0003251e+00
   1.0322896e+00
   1.2307905e+00
   9.4208262e-01
   1.1983179e+00
   1.0155652e+00
   1.1279654e+00
   9.3988439e-01
   9.8647047e-01
   9.0551982e-01
   7.6551529e-01
   1.0523816e+00
   1.1777429e+00
   1.1999815e+00
   9.0682135e-01
   1.0096472e+00
   1.0865690e+00
   1.1718449e+00
   8.4413938e-01
   9.4904424e-01
   8.6136117e-01
   9.0665314e-01
   7.4447837e-01
   8.5479950e-01
   8.9553695e-01
   7.3395542e-01
   8.6101772e-01
   8.9219585e-01
   9.4423692e-01
   9.1237579e-01
   1.0484441e+00
   6.6173525e-01
   3.1229075e-01
   2.7018782e-01
   2.7189799e-01
   4.0180794e-01
   4.0181450e-01
   8.9466722e-02
   2.6932807e-01
  -3.6529467e-02
   3.2761048e-01
   2.5208028e-01
   2.9115512e-01
   1.0188883e-01
   2.9470043e-01
   8.7494215e-02
   2.5798241e-01
   3.9170114e-01
   2.1048667e-01
   1.9001114e-01
   4.1569083e-01
   3.0804987e-01
  -3.3614816e-03
   4.0699249e-01
   2.8509551e-01
   2.3883313e-01
  -8.8070663e-02
   2.1042353e-01
   3.9047592e-01
   2.9074450e-01
   2.0300014e-01
   2.6930298e-01
   3.6404362e-01
   3.7838161e-01
   5.2891604e-02
   1.2898987e-01
   1.4903587e-01
   3.6532447e-01
   5.4540688e-01
   3.9463147e-01
   2.4278784e-01
