   5.1788383e-01
   8.6762846e-01
   7.8667572e-01
   5.4014583e-01
   5.1654216e-01
   6.2966263e-01
   7.0713655e-01
   6.3027133e-01
   5.6013361e-01
   5.7066436e-01
   5.2859752e-01
   6.4096326e-01
   6.9782971e-01
   8.2570782e-01
   6.7069693e-01
   6.3547168e-01
   7.7120339e-01
   6.8988024e-01
   7.6774051e-01
   6.0287267e-01
   7.1624966e-01
   7.6982506e-01
   7.3429032e-01
   7.2435199e-01
   7.5584323e-01
   6.7108168e-01
   7.1299645e-01
   6.6820815e-01
   8.7354245e-01
   7.0288275e-01
   7.3206463e-01
   6.7337747e-01
   5.9695593e-01
   8.5799063e-01
   7.2450825e-01
   7.1978053e-01
   7.2448908e-01
   8.5604165e-01
   6.6734760e-01
   6.7685608e-01
   6.4375659e-01
   7.6900535e-01
   6.7325738e-01
   6.2107351e-01
   6.2199126e-01
   7.3120469e-01
   6.3227291e-01
   8.2554336e-01
   6.5620157e-01
   7.3923222e-01
   5.9669295e-01
   7.9380796e-01
   7.2701045e-01
   7.5578069e-01
   7.9022120e-01
   6.6577212e-01
   6.7522149e-01
   7.2233178e-01
   6.8949935e-01
   6.5835131e-01
   6.6848025e-01
   6.9166243e-01
   6.9089634e-01
   6.8109210e-01
