   5.0140244e-01
   8.3553267e-01
   5.6937157e-01
   4.7533579e-01
   9.2407861e-01
   4.3425608e-01
   5.6280369e-01
   6.3652742e-01
   8.1480153e-01
   6.5750351e-01
   6.6175353e-01
   7.5601262e-01
   6.9250484e-01
   7.7104124e-01
   7.5639830e-01
   7.0952401e-01
   6.1412385e-01
   1.1736778e+00
   5.8046970e-01
   8.1678526e-01
   7.8630974e-01
   8.4587287e-01
   5.6360745e-01
   7.5017655e-01
   7.4929933e-01
   8.7141946e-01
   1.2587105e+00
   7.1575960e-01
   7.3538603e-01
   7.2895664e-01
   6.7422429e-01
   1.1773976e+00
   7.1897601e-01
   9.8506264e-01
   7.1668599e-01
   7.2584218e-01
   7.9980022e-01
   8.2293541e-01
   7.8549676e-01
   9.0961129e-01
   1.8779995e-01
  -1.1601711e-01
