   3.8986974e-02
  -9.9192443e-02
  -6.1339765e-02
  -1.8281417e-02
   1.9411222e-01
  -3.5210567e-01
  -1.3600000e-01
   9.1297506e-02
   2.5244827e-01
   3.4485921e-01
   2.1897556e-01
  -1.0917473e-01
   2.9438615e-01
   1.8514118e-01
   2.2123234e-01
   3.1376398e-01
   3.5356423e-01
   4.7041710e-01
   2.4000605e-01
   6.1203388e-01
   1.6932252e-01
   2.6398888e-01
   5.0103503e-01
  -3.8574860e-02
   2.4695000e-01
   5.9541574e-02
   2.2605853e-01
   1.3428155e-01
   4.5274025e-01
   8.9815525e-01
   5.8195470e-01
   1.5743253e-01
   5.5715710e-02
   2.2602209e-01
  -1.0634665e-02
   2.5921149e-01
   1.9561093e-01
   2.3435246e-01
   1.0514932e-01
   5.5256711e-02
   8.0063145e-02
  -1.8473119e-01
   2.5922523e-01
