   1.6888609e-02
   4.4251806e-02
   4.2016876e-02
   1.7470919e-01
   1.8751554e-01
   8.7309513e-03
   2.5062325e-01
   2.5117368e-01
  -1.2819214e-01
   1.1564840e-01
   1.2656177e-01
   1.6885007e-01
   9.7364964e-02
  -5.3017935e-02
   1.2989528e-01
   2.2379082e-01
   2.9096572e-02
  -7.8688435e-02
  -7.2115996e-02
   1.3825431e-01
   1.5515595e-01
  -6.3704629e-02
   6.6244590e-02
   1.0915487e-01
   2.4832766e-01
   1.0320142e-01
   1.6293311e-01
   1.7421456e-01
   1.0138683e-01
   7.0426576e-02
   1.8412577e-01
   1.0620705e-01
   2.4800589e-01
   2.2118622e-01
