  -1.7820654e+00
  -2.8421176e-02
   3.8201422e-01
  -4.0914296e-01
   2.6921583e-01
  -1.1385376e+01
  -1.2641438e-01
   1.4399247e-01
   2.3640389e-01
   5.8195963e-01
   1.4367123e-01
   7.7021536e-01
   2.5277522e-01
   7.5826273e-01
  -1.5882771e-01
   2.8602453e-03
  -4.8426698e-03
   3.7212360e-01
   2.5333036e-01
   9.1010927e-02
  -5.1062320e-02
   1.0866636e-01
   1.1962596e+00
  -1.8487691e-01
  -2.0318786e-01
   2.2876976e-01
  -6.7050655e-01
   1.4470020e-01
   2.0982978e-01
   4.7776196e-03
  -3.0204301e-01
  -2.7588716e-01
  -5.4140606e-01
   3.3481356e-01
  -1.4781419e+00
   1.2466058e-01
   4.3744286e-01
  -1.3677263e-02
   4.5350713e-01
   2.0010789e-01
   4.4222640e-01
   1.5957890e-01
   3.9243342e-02
   4.1158614e-01
   9.3165741e-01
   1.4129401e+01
   2.2113443e-01
   8.4778009e-02
   4.2213711e-01
  -1.8335448e-02
  -4.5123393e-01
  -6.7862493e-02
  -3.1892896e-01
   1.9160490e-01
   2.5578876e-01
   1.0318875e-01
   2.1381163e-01
   1.6538683e-01
   1.5139170e-01
  -5.7452460e-02
  -2.1596296e+00
   1.2766744e-01
   2.9111556e-01
  -4.1219076e-02
  -6.2039287e-02
   3.7142817e-01
   2.2185302e-01
  -3.2215113e-01
