   5.9613125e-01
   7.6637407e-01
   4.4425914e-01
   7.2543370e-01
   5.9749639e-01
   3.9139445e-01
   4.4669030e-01
   5.7626526e-01
   5.9969403e-01
   4.6252769e-01
   2.8608552e-01
   3.9248384e-01
  -4.0933972e-01
   3.7771474e-01
   6.4694345e-01
   4.9951491e-01
   2.2980384e+00
   9.7032965e-01
   4.0045942e-01
   6.7030169e-01
   1.1475005e-01
   4.0201330e+00
   3.8787537e-01
   9.1631076e-01
   2.6646426e-01
   6.4966941e-01
   5.2200155e-01
  -1.7194039e+00
   1.9621643e-01
   2.4933796e-01
   5.6125530e-01
  -6.8052785e+00
   1.5320770e+00
   6.3560702e-01
   5.3605915e-01
   4.7635538e-01
   6.7569516e-01
   5.3742549e-01
   3.7811598e-01
   3.2297389e-01
   4.0238159e-01
   2.0490920e-01
   1.6187394e-01
   3.7192554e-01
   8.5408015e-01
   6.7852597e-01
   2.6011323e-01
   7.6761276e-01
   1.0377386e+00
   4.6215007e-01
  -2.2809466e-02
   3.5979963e-01
   8.4988705e-02
   2.6391792e+00
  -1.0095153e+00
   5.4997415e-01
   1.5208154e-02
   5.9810846e+00
   4.2135464e-01
   1.9637945e+00
   6.9026319e-01
   4.7110886e-01
   2.5064383e-01
  -4.4760421e-02
   6.4308692e-01
   2.3139753e-01
  -3.2611888e-01
  -1.0767924e+00
  -3.7522584e-02
   3.3853921e-01
  -1.4242443e-01
   2.4437025e-01
   5.8434880e-01
  -5.7262779e-01
   5.3801386e-01
   3.1420723e-01
   1.2431939e+00
   1.4083355e+00
   1.6054069e-01
   7.0705498e-01
   3.7075950e-01
  -1.7003382e-01
   2.9894373e-01
   1.5938801e-01
   4.8568596e-01
   1.6053741e-01
   9.2260157e-03
   5.5911261e-01
   3.2672632e-01
   4.6655285e-01
   6.0173522e+00
   3.1820837e-01
   7.0093240e-01
   5.7433947e-01
   7.7103351e-01
   7.3886276e-01
   5.0982272e-01
   5.2486260e-01
   6.0353236e-01
   7.5530235e-01
