   1.1193635e+00
   5.1170794e-01
   7.6692027e-01
   6.6284975e-01
   6.4746397e-02
   2.9705890e-01
   8.7970795e-01
   1.0886005e+00
   6.8017068e-01
   8.9687608e-01
   8.2267698e-01
   8.0088293e-01
   7.1709429e-01
   9.0824652e-01
   9.0619584e-01
   8.4527837e-01
   8.9121694e-01
   5.8918870e-01
   9.4378874e-01
   7.8856747e-01
   1.0098865e+00
   1.1254445e+00
   5.5361297e-01
  -8.3039138e-01
   2.0760705e-01
   4.1727960e-01
   1.2603950e-01
   6.4206614e-01
   4.4271131e-01
   1.6996609e-01
   2.3999350e-01
   4.3351102e-01
   4.9701273e-01
   1.8822561e-01
  -2.8427848e-02
   1.4122950e-01
   2.3788289e-01
   2.8307848e-02
   1.7150441e-01
   3.3646044e-01
   1.8690822e-01
   2.6206299e-01
  -1.9108711e-02
   3.5941360e-01
   2.5525878e-01
   2.2061164e-01
   1.6914878e-01
