  -1.5123171e+00
   4.2333789e-02
   2.3714751e-01
   2.9984068e-01
   1.9717571e-01
   4.4907951e-01
   6.0756702e-01
  -9.8199259e-01
   7.3377993e-02
   2.4013922e-01
  -1.0674319e-01
   7.5645960e-02
   2.6553311e-01
  -4.7220306e-01
  -3.9136199e-01
   3.8881988e-01
   3.0278487e-01
   1.4420333e-01
  -3.9148296e-01
   5.9777591e-01
  -9.6612327e-02
  -1.2490401e-01
   5.6191266e-02
   1.7505345e-01
   2.8876087e-01
   3.6920169e-01
   2.1108068e-01
   3.5291047e-01
  -7.9185025e-01
  -2.2796770e-01
  -4.6740017e-01
   2.9050020e-01
   4.2984297e-01
   1.6803933e-02
   5.0447347e-01
   1.4212542e-01
   1.9904023e-01
   2.5949207e-02
   1.3811738e-01
   2.8561499e-01
   2.6056004e-01
   1.2726570e-01
   3.0825425e-01
   1.8168329e-01
  -2.7214052e-02
   2.2372580e-01
  -2.9584451e-01
   3.3226225e-01
  -9.4128632e-02
   4.9499324e-02
   3.8228115e-01
  -2.7915218e-02
   2.4816408e-01
  -1.6429070e-01
   2.6274326e-01
   2.1279481e-01
   2.5089489e-01
   2.1243489e-01
   7.7423993e-02
   2.5888519e-01
   1.4184494e-01
   2.0528134e-01
  -1.5215402e-01
   2.0190098e-01
   1.4159133e-01
   1.5869816e-01
   2.1843678e-01
   1.9599751e-01
   1.5345974e-01
  -1.7697194e-01
   2.6408444e-01
   2.7990825e-01
  -2.1565258e-02
   3.8529196e-01
   2.3119675e-01
   1.0562029e-01
   1.8500350e-01
   1.3366868e-01
   2.4170273e-01
   2.5859486e-01
   1.7968606e-01
   3.2451590e-03
   2.1063251e-01
   2.9349486e-01
   1.8613908e-01
   1.5281422e-01
  -2.1121736e-01
   2.1472070e-01
   3.0044634e-01
   3.3066804e-01
   2.9383833e-01
   1.9190355e-01
   3.0277222e-01
   1.5454045e-01
  -9.5864077e-02
   2.9914980e-01
  -7.3044111e-02
  -1.2988594e-02
   3.4993392e-01
   6.4531209e-01
   7.7793248e-01
   9.5070139e-01
   5.9834373e-01
   2.9448192e-01
   8.1727151e-01
   7.3664479e-01
   5.5452717e-01
   8.2645283e-01
   3.6826747e-01
   1.5094467e-01
   9.9835847e-02
