   2.1143939e+00
   1.3235745e+00
   2.2156421e+00
   8.1342909e+00
   2.8116451e+00
   1.3298290e+00
   1.4956472e+00
   6.0420106e+00
   8.6919837e-01
   1.3812700e+00
   1.3078406e+00
   1.3979215e+00
   3.2023798e+00
   1.1875956e+00
   1.2762291e+00
   1.7213277e+00
   9.7630829e-01
   2.4406540e+01
  -7.2133790e+00
   4.5439268e+00
   2.6399134e+00
   1.9869777e+00
   9.1931197e-01
   1.3510034e+00
   1.7317084e+00
   1.3240080e+00
   1.1010067e+00
   1.0209749e+00
   1.3261455e-02
   3.5077247e-01
  -1.5496540e+00
   4.1908451e-01
   7.7714134e-02
   5.7904328e-02
   1.6387847e+00
   1.2579735e-01
  -3.8585499e-01
  -6.5918622e-01
   5.7497004e-01
   1.6954290e-01
  -1.4082809e-01
   8.7888634e-02
  -2.0932782e-02
   2.2799389e-02
   2.8185433e-01
   2.3957479e-01
  -4.8055410e-01
   1.9938111e-01
  -3.5542149e-01
  -3.4091873e-01
   4.8252130e-02
  -1.5196537e+00
  -3.9545263e-01
  -6.2143701e-01
  -1.4144686e+00
  -2.5979509e-01
   1.2687002e-01
  -1.2176873e-01
  -1.7651917e-01
  -5.1430229e-01
  -9.6720142e-02
   9.6456499e-02
  -3.3666576e-01
  -1.1607060e-01
   1.6639471e-01
   1.9862026e-02
  -2.7098807e-02
   5.1860571e-02
   3.8369339e-02
  -2.9193194e-01
  -1.2523700e-01
  -1.7770556e-01
  -2.1276592e+00
   1.3198626e-01
  -9.8773889e-03
  -1.5350112e-01
  -1.5887882e-01
  -2.6646681e-01
  -1.1355106e-01
   7.8411600e-02
  -9.5652054e-03
  -2.7817839e-01
   4.0413308e-02
  -2.2594790e-02
   9.7957477e-03
  -2.4027145e-01
  -9.0327516e-01
  -3.5936381e-01
  -1.8069762e-01
   2.4966128e-01
   2.3816699e-01
  -9.2191269e-02
