   2.6643458e-01
   2.0622360e-01
   3.1610519e-01
   2.5556051e-01
   2.4320161e-01
   4.1836143e-01
  -2.3912866e-02
   3.8850253e-01
   2.8074891e-01
   6.5332092e-02
   1.7191379e-01
   2.8095281e-01
   1.1121694e-01
   6.9203860e-01
   8.4067715e-01
   7.7307633e-01
   7.1962771e-01
   7.9519638e-01
   6.4534970e-01
   6.5498390e-01
   1.5162332e-01
   8.3255910e-01
   6.1383421e-01
   8.8939969e-01
   3.8227257e-01
   8.8935766e-01
   1.3012025e-01
   4.3584917e-01
   7.2320546e-01
   3.9321412e-01
