   2.6157093e-01
   2.1150160e-01
   4.7843248e-01
   4.7418724e-01
   4.5395684e-01
   6.7119826e-01
   6.7313399e-01
   4.1724212e-01
   7.9957606e-01
   4.6106030e-01
   7.4275388e-01
   4.7171162e-01
   5.0068043e-01
   4.3211589e-01
   2.9783773e-02
   9.4171765e-02
   1.7236484e-01
  -3.6767841e-02
   1.9953130e-01
   5.7668333e-03
   9.3990611e-02
   2.2095467e-01
  -1.5316624e-02
   2.7345070e-01
   2.5301500e-01
   1.8491713e-04
  -1.4756858e-02
   2.2422449e-01
  -3.1272768e-01
   1.1357167e-01
  -5.6807701e-02
   6.4033222e-02
   2.4897007e-02
   2.9729736e-01
  -2.9175075e-01
   6.0612905e-01
  -5.4084649e-02
  -5.0717859e-02
   1.4869531e-01
  -5.0339908e-02
  -3.1440155e-01
   5.5229246e-01
   6.8927406e-01
   3.2138649e-01
   3.1350886e-01
   6.9148414e-02
   1.4474263e-01
   1.8670930e-01
   5.6255329e-02
   1.4489722e-01
   1.3115003e-01
   6.6734580e-02
   8.4792442e-02
   4.7120215e-02
   1.1752441e-01
   4.3479121e-02
