   5.3707783e-02
   9.2744691e-02
   6.9493597e-02
   1.0944109e-01
   2.3425415e-01
   4.5709290e-02
   1.3936483e-01
   1.1391693e-01
   1.6276208e-01
   1.3786355e-01
   1.0155386e-01
  -3.4994065e-01
   8.0035483e-02
   5.4582888e-02
   2.4136171e-01
   2.2740753e-01
   1.8793006e-01
   4.7973152e-01
   1.0952526e-01
   3.9202846e-01
  -1.7390163e-02
   2.5632898e-01
   1.5122654e-02
  -1.2098572e-02
   1.7765549e-01
   9.2726708e-02
  -9.5225684e-03
   1.2254522e-01
  -1.3373685e-01
  -1.5296005e-02
  -2.0238158e-01
   9.2483336e-01
   5.0124778e-01
   7.0806256e-01
   4.7327723e-01
   5.0369698e-01
