   6.3838785e-01
   5.3844537e-01
   7.1635245e-01
   5.6670341e-01
   4.5523744e-01
   5.6079349e-01
   4.9577880e-01
   8.4735073e-01
   5.7750435e-01
   5.9180465e-01
   5.9216178e-01
   7.1828929e-01
   6.7673052e-01
   4.8514116e-01
   8.3380394e-01
   7.4101926e-01
   5.3089711e-01
   7.4662170e-01
   7.9163105e-01
   6.8813035e-01
   8.6855002e-01
   7.8653368e-01
   6.2224258e-01
   1.0462161e+00
   8.3789867e-01
   7.4897125e-01
   9.3004076e-01
   7.5997537e-01
   7.8921170e-01
   7.6065394e-01
   1.2966975e+00
   8.1237496e-01
   8.9766561e-01
   9.4272588e-01
   9.2119996e-01
   5.9800049e-01
   1.0610549e+00
   7.6563790e-01
   7.9354721e-01
   9.2567087e-01
   9.2079410e-01
   1.0594977e+00
   7.0735668e-01
   6.8064590e-01
   6.3665899e-01
   8.2128822e-01
   7.5174246e-01
   8.5867391e-01
   7.2859325e-01
   6.8269767e-01
   6.3722892e-01
   4.7329314e-01
   8.7575321e-01
   2.5422154e-01
   3.3469394e-01
   3.2459242e-01
  -6.5567318e-02
   5.8248699e-02
   3.8414166e-01
   1.6531209e-01
   1.6162377e-02
   1.5138508e-01
   1.2203976e-01
  -7.5159404e-03
  -1.5785423e-01
  -3.0011854e-01
   4.8264762e-01
   4.7043123e-01
   3.6264055e-01
  -9.2200706e-02
   1.2391660e-01
   1.3019947e-01
   2.2591421e-01
   1.7384071e-01
  -2.9289735e-01
   3.4042117e-01
   2.2108585e-01
   3.7151217e-01
   5.5980180e-02
   1.2114245e-01
   2.1406367e-01
   4.4910657e-02
   3.9475895e-01
   8.9855399e-02
   3.9959903e-01
   2.5418052e-01
   4.0447570e-01
   2.9083862e-01
   2.7018573e-01
   2.7189172e-01
   2.3202966e-01
   2.6366700e-01
