   1.6101502e-01
   2.3727832e-01
   2.7200040e-01
   2.4645379e-01
  -1.5933770e-02
   1.2459624e-01
   5.7553887e-01
   2.2545369e-01
   1.8698821e-01
   2.8443558e-01
   4.3877368e-01
   3.0145561e-01
   2.6960710e-01
   3.8502836e-01
   3.4197132e-01
   1.9577512e-01
   2.2633795e-01
   1.9425512e-01
   1.3248619e-02
   1.9231118e-01
   9.1607110e-02
   3.4335617e-01
   2.4420124e-01
  -4.4012576e-02
   3.4333474e-01
   9.3094592e-02
   2.4796181e-01
  -7.0564589e-01
   1.9016611e-01
  -2.3060915e-01
  -2.9053747e-01
   3.9316031e-03
   1.6926105e-01
  -2.5379419e-01
   2.5051488e-01
   5.5999930e-02
   4.4649387e-01
   2.1798234e-01
   5.4605410e-02
   2.1530216e-01
   2.7045715e-01
   1.2950802e-01
   1.9272789e-01
   6.3136271e-02
   3.1442565e-01
   1.5721485e-01
   1.3072428e-01
   2.5806269e-01
   6.0491081e-02
  -1.5123781e-02
   1.0164011e-01
  -3.8301174e-02
  -3.2476807e-02
   3.1961486e-02
  -7.7513103e-02
   2.0279992e-01
   1.0527345e-01
   3.9694613e-01
   2.2764165e-01
   3.0739070e-01
