   2.9893165e-01
   2.0170312e+00
   1.8412990e-01
   2.3076356e-01
   3.9899906e-01
   5.2144656e-02
   1.7291035e-01
   9.7465864e-02
   3.1167253e-01
   1.0632256e-01
   2.1974607e-01
   5.8376483e-02
  -6.0065447e-01
  -5.2001574e-01
   2.8783516e-01
   2.7113381e-01
  -2.0178907e-01
   2.1254444e-01
   2.1063435e-01
  -1.9320018e-01
  -1.8890861e-01
  -6.5824595e-02
   9.4153616e-02
   1.8555822e-01
   2.7839533e-02
   3.0168457e-01
   1.0717383e+00
   1.1898378e+00
   8.7944256e-01
   8.8815442e-01
   7.0755345e-01
   1.2410862e+00
   2.3180541e+00
   6.6253724e-01
   1.2092219e+00
   9.9654191e-01
   9.5073383e-01
   8.6718400e-01
   6.4719507e-01
   8.4423944e-01
   1.0720789e-01
  -1.4721998e-01
   1.8957900e-01
   8.2185093e-01
   8.9838236e-01
   4.8758359e-01
   8.3942194e-01
   4.9541457e-01
   5.4133628e-01
   4.2700096e-01
   4.4678737e-01
   4.5917408e-01
   4.6603615e-01
  -3.6187699e-02
   7.6732461e-01
   3.9192231e-01
   7.7991507e-01
   9.1328985e-01
   4.5828526e-02
   5.4391368e-01
   8.4195235e-01
   7.2538854e-01
   9.5477039e-01
   5.7213764e-01
   9.6993435e-01
