   5.6820302e-01
   2.2361187e-01
   1.4347943e-01
   1.1651599e-01
   3.8098291e-01
   5.0851769e-01
   3.4783175e-01
   2.7359807e-01
   2.9246742e-01
   9.7719024e-02
   2.3051145e-01
  -2.9390356e-01
   9.0599319e-02
   1.1295870e-01
   1.7956491e-01
   1.5823664e-01
   2.5622755e-01
   3.3898144e-01
   2.7418496e-01
   2.1917550e-01
   1.8870943e-01
   2.0405169e-01
  -8.6377008e-02
   2.1559440e-01
   1.2373314e-01
   3.0483596e-01
   1.8710602e-01
   2.1858546e-01
   2.1417224e-01
   2.4735937e-01
   3.4425236e-01
   3.3617191e-01
   2.9571881e-01
   3.2356410e-01
  -9.5844513e-02
   2.8178272e-01
   1.8997892e-01
   2.1263075e-01
   2.4307909e-01
   2.1824447e-01
   1.7123758e-01
   1.6776529e-01
   1.5273233e-01
   1.3919124e-01
   1.5221130e-01
  -2.8783001e-01
  -3.1477160e-03
   1.4160586e-01
   1.0047786e-01
   2.8590281e-01
   1.4864202e-01
   2.9900674e-01
   5.1172098e-02
   6.1150316e-02
  -5.1722693e-02
   9.4523585e-03
   2.0215612e-01
   6.5451169e-02
  -2.7817691e-01
   1.0639360e-01
   5.8101973e-02
  -1.4135411e-02
   3.3493902e-01
   2.5018960e-01
   2.1752361e-01
   6.1062602e-02
   5.5774944e-02
   1.3605436e-01
   1.8061499e-01
   1.9520622e-01
   1.1920027e-01
   2.6044960e-01
  -6.0287572e-02
   1.0596408e+00
  -2.9588970e-01
   3.1277207e-01
   2.4690502e-01
   1.9543596e-01
   1.0852747e-01
   5.3321396e-02
   4.4880655e-01
   1.0418050e+00
   9.5135367e-01
   1.0873825e+00
   1.2639754e+00
   1.0902823e+00
   1.1081502e+00
   7.1411847e-01
   1.0484916e+00
   1.0138247e+00
   8.8798757e-01
   1.0754797e+00
   1.0760220e+00
   9.0738237e-01
   1.2274216e+00
   1.0555042e+00
   1.1504825e+00
   9.4448778e-01
   9.1086433e-01
   1.0911486e+00
   9.1729006e-01
   1.2415364e+00
   1.3785239e+00
   9.1033229e-01
   1.2420392e+00
   1.0360180e+00
   8.7821873e-01
   9.8309630e-01
   9.7053282e-01
