   3.3527764e-01
   3.0866316e-01
   5.6201674e-01
   2.3629141e-02
   2.9930105e-01
   3.8532817e-01
   1.7369152e-01
   4.1136643e-01
   3.8205073e-01
  -1.3467987e-01
  -4.6110079e-02
  -5.4276307e-02
   1.5717198e-01
  -4.7882811e-01
   2.8947969e-01
   9.5854647e-02
  -2.8094675e+00
   2.1370570e-01
   1.0890703e-01
   2.5519535e-01
   1.3296704e-01
   2.9170514e-01
   1.9062922e-01
   3.6058188e-01
  -7.4873237e-02
   2.2740450e-01
   7.3942690e-02
   1.8016833e-01
   1.4142866e-01
   4.5456318e-02
  -5.3040627e-02
  -2.0045357e-01
   2.5104392e-01
   1.7937744e-01
   1.2623344e-01
   9.7528414e-02
   3.4692212e-01
  -4.1302531e-02
   3.0671810e-01
   9.0755491e-01
   8.1962465e-01
   8.1735125e-01
   2.1184452e-01
   1.1588894e-01
   1.8176470e-01
   1.9751091e-01
   1.9536553e-01
  -8.8548927e-02
   9.5085153e-02
  -3.1206396e-01
   6.9945355e-02
  -3.2033495e-01
