   1.4956038e-01
   8.6243943e-01
   3.1308900e+00
  -2.6837512e-01
   8.7130558e-03
   4.0576093e-02
   5.6648001e-01
   1.1622674e+00
   9.9704618e-01
  -1.0245874e-01
   4.1157336e-01
   4.0636524e-01
   7.7291631e-01
   1.4277294e-01
  -2.5357382e-01
   3.3676276e-01
   5.6255839e-03
   1.8382454e-01
   3.4985658e-01
  -6.3689782e-02
   3.7374034e-01
   2.1613432e-02
   1.3885237e-01
  -8.3973710e-01
   8.6123181e-02
  -6.3560987e-01
  -5.2067842e-01
   8.1060203e-02
   1.8154299e-01
  -5.7106362e-02
   2.1794112e-01
  -3.4544652e-02
   7.1353124e-02
   4.9450124e-01
  -3.4526175e+00
   8.6589121e-02
   3.0460844e-01
  -1.5595934e-02
   3.0812483e-01
   1.9015809e-01
   3.5124101e-01
   8.2511307e-01
   7.9762530e-01
   7.6892598e-01
   9.8247118e-01
   6.4654862e-01
   1.0564748e+00
   8.3698717e-01
   4.1107643e-01
   7.2126415e-01
   4.6775239e-01
   8.4998113e-01
   5.4359992e-01
   1.2912923e+00
   9.5720960e-01
   6.6650649e-01
   7.6195977e-01
  -2.8961812e-02
   2.3048174e-01
   4.4740786e-01
   2.3298772e-01
   3.6789868e-01
   9.0374366e-01
   7.2192569e-01
   8.1520831e-01
   8.2723927e-01
   9.4524703e-01
   6.6281918e-02
   2.3810477e-01
   2.4988897e-01
  -5.3720996e+00
   2.1060438e-01
  -4.6648615e-01
  -1.6849044e-01
  -1.5582417e-01
   3.6768342e-01
   4.7358298e-01
   3.3418329e-01
   2.1840860e-01
   2.7517385e-01
   3.0480514e-01
   2.4660554e-01
   1.1801217e-01
  -1.4786283e-01
   2.2601360e-02
  -1.6533883e+00
  -1.1243922e-01
   3.3492769e-01
   4.7339680e-02
   2.5399146e-01
  -3.6131953e-03
