   2.6155872e-01
  -1.8800288e+00
   1.4342893e-01
   4.8116008e-01
   3.9268351e-01
  -3.2501730e-01
   9.7056095e-02
   3.5433860e-01
   4.6639099e-01
   1.6170801e-01
  -1.3202585e-01
   1.2467112e-01
   1.3401528e-01
   2.8654915e-01
   1.9733302e-01
   1.8614217e-01
   4.6518673e-01
   4.8030581e-01
   1.9059304e-01
   1.7989375e-01
  -3.7859882e-01
   2.1275146e-01
  -2.3816267e-01
  -8.1569292e-01
  -1.3369609e-01
  -3.2064451e-01
  -8.2575796e-02
   3.3303552e-01
   6.9328477e-01
   5.2151097e-01
   3.9012208e-01
   9.6137600e-01
   1.0353084e+00
   5.5634076e-01
   2.3669250e-01
   2.3881023e-01
   3.9957876e-01
   4.4270207e-01
   5.0597521e-01
  -3.6750122e-01
   4.1097298e-01
  -1.1627274e-01
  -2.5966267e-01
   2.7779327e-01
   1.6654116e-01
   1.7304591e-01
  -1.7402829e-01
   6.4070931e-01
   2.7673488e-01
   9.0953942e-01
  -1.0298076e+00
   1.6569487e-01
   4.2107498e-01
   9.8151294e-01
   8.8765402e-01
   8.5087413e-01
   8.5601275e-01
   2.3780444e-01
   3.3965473e-01
   2.4995215e-01
   7.6539655e-02
  -7.6921615e-02
  -1.1167758e-01
  -3.2413444e-01
