  -1.5244713e-01
   2.6502227e-01
  -2.9617909e-01
   4.3343091e-02
   8.2908977e-02
   2.4430050e-01
   3.1039496e-01
  -1.3076931e-01
   1.7110463e-01
  -9.4914575e-03
  -1.0543972e-02
  -5.9982185e-02
   9.4380714e-01
  -6.2971608e-01
   6.3577108e-03
  -1.3280312e-01
   8.4571938e-01
  -3.9107646e-02
  -2.8552851e-01
   1.3675050e-01
  -4.9342208e-01
  -1.1468591e+00
   1.6142337e-03
  -1.3703687e-01
   1.0490246e+00
  -5.1019417e-02
  -1.5620085e-01
   1.5733021e-01
  -7.5797883e-01
  -3.7396641e-01
  -7.1918294e-01
   3.1341044e-01
   1.0361880e-01
   6.9000666e-02
   5.8501053e-01
   1.3216666e-01
   8.5357043e-03
   7.4351045e-01
   9.5457157e-01
   1.3923689e-01
   5.8579723e-02
  -3.1582882e-01
   9.9012903e-02
   1.3966662e-01
  -1.3020858e-01
   8.6008436e-02
