   7.7848801e-01
   8.3419112e-01
   9.6382483e-01
   6.4825765e-01
   2.3366565e-01
   2.5856121e-01
   1.8876037e-01
   2.8121423e-01
   2.4282999e-01
   7.2122625e-02
   9.4683053e-02
   2.3128251e-01
   8.6108252e-02
  -4.2153555e-02
   1.9580027e-01
   2.4572158e-01
  -2.5450044e-01
   1.5821773e-01
   1.0827881e-01
   2.1700470e-01
   1.3117603e-01
   1.0892743e-01
   1.2251050e-01
   2.2843439e-01
   1.2057819e-01
   1.7926190e-01
   1.9200904e-01
   1.2730715e-01
   9.4262343e-02
   6.9139815e-02
   4.2350702e-03
  -7.5917115e-05
   1.3901029e-01
   1.2091687e-01
   1.0476479e-01
  -1.5224789e-02
   2.6452724e-01
   1.5596119e-01
   1.3478685e-01
   4.6558602e-02
   4.2146830e-01
   7.5506910e-02
   8.9186850e-02
   1.1564561e-01
   1.1892660e-01
   1.6155690e-01
   2.9726523e-01
   4.1632289e-01
   4.0731494e-01
   3.3322380e-01
   4.0616077e-01
   4.1823641e-01
   5.6632273e-01
   1.6503360e-01
   6.1110080e-01
   8.6146071e-01
   6.7543533e-01
   5.0142262e-01
   8.6866816e-01
   6.1648219e-01
   3.4023201e-01
   3.6043730e-01
   1.0457718e+00
   5.0509538e-01
   1.2746088e-01
   1.1490118e+00
   8.9572243e-02
   6.1893190e-01
   3.8785907e-01
   4.4699232e-02
  -8.4046501e-02
   1.2367028e-01
   6.1063356e-01
   1.1104848e-01
   1.4919147e-02
  -4.1821758e-02
  -1.1520933e-01
   1.3106661e-01
   6.8584316e-02
   2.2919358e-01
   4.5172557e-02
   7.6983602e-02
   9.8124438e-02
   1.4461480e-01
   1.1921684e-01
   3.0438124e-02
   2.4158366e-01
  -2.3600255e-01
   7.6788903e-02
   5.9042805e-02
   1.0838497e-01
   1.0162785e-01
  -9.9186290e-02
  -6.1527046e-02
   7.4729979e-02
   1.5588988e-01
   5.1665001e-02
   2.1342743e-01
   1.7310817e-01
   2.1917624e-01
   2.7914332e-02
   8.6381874e-04
   1.4512757e-01
   2.1783077e-01
   3.0366645e-02
  -9.3737887e-02
   2.4968028e-01
   2.0053021e-01
   1.6562593e-01
   1.8284159e-01
   1.8451785e-01
   1.1189333e-01
   2.4494373e-01
  -7.4279212e-03
   4.3770676e-01
   1.0115589e-01
   3.2476970e-01
   2.3942784e-01
   1.9219218e-01
