   3.5907515e-01
   4.3575725e-02
   2.9844726e-01
  -1.6445196e-01
   2.8064958e-01
   2.8281377e-01
  -7.3023046e-01
   5.7815292e-01
   2.2658989e-01
   1.2586949e-01
  -2.3609366e-01
   2.1285360e-01
   2.4095017e-01
  -1.1586991e-01
  -1.0066781e-01
   8.6034227e-02
   1.8526730e-01
   1.5827581e-01
   3.1101704e-02
   4.5953493e-02
   1.2396038e-01
   1.8300450e-01
   1.2458155e-01
   6.9433375e-02
   7.5107655e-01
   9.6083259e-01
   7.6688092e-01
  -2.0231183e-01
   1.7369581e-01
   5.5180459e-02
  -1.2558897e-01
  -3.7138186e-01
   1.7618097e-02
  -8.7377169e-03
  -1.0751269e-01
  -1.5253316e-01
   1.1850688e-01
  -9.0382133e-02
  -5.3707748e-01
   2.8106118e-01
  -2.1116296e-02
   7.4218884e-03
   3.2690053e-01
  -7.4205605e-02
  -9.7716647e-03
   4.0054009e-02
  -4.1220739e-01
  -8.5368325e-01
   5.8626000e-03
   7.6740424e-02
   1.7968537e-01
   2.9529707e-01
   2.3566893e-01
   2.3333001e-01
   8.2494159e-02
   2.4346088e-01
   1.7800057e-01
   1.9757899e-01
   1.9128730e-01
  -3.3857140e-01
   2.0060148e-01
   3.7221856e-02
   2.8959380e-02
   2.8486676e-01
  -2.6646431e-01
   1.3382952e-01
   2.1929510e-01
   1.4303849e-01
   2.5911553e-01
  -9.4581945e-02
   2.6248349e-01
   1.1964829e-01
  -1.2691436e+00
   1.5464332e-02
   1.6852747e-01
   1.9757402e-01
  -6.1112241e-01
   1.0089717e-01
   1.9833532e-02
  -7.4939429e-01
  -6.4526755e-01
  -1.0179352e-01
   6.5861869e-02
  -1.8671800e-01
  -8.8500597e-01
  -1.2142041e-01
  -9.3963955e-02
   1.0669178e-01
   1.1513697e-01
   1.2194763e-01
   1.1329031e-01
   1.7415711e-02
   9.3335558e-02
   4.1936592e-03
  -7.3548006e-02
  -1.3091684e-01
   7.8089447e-02
  -1.1902308e+00
   3.5011653e-01
  -2.5566629e-01
   1.7474100e-01
  -2.4582568e-01
   3.0117136e-02
  -8.3406720e-02
   2.2038653e-01
  -8.3622406e-02
   8.3949113e-01
  -6.1773490e-02
  -6.9139863e-02
   7.8255864e-02
  -3.5701705e-01
   5.0808230e-02
   1.9762233e-01
   6.5412046e-02
  -1.2390831e-01
  -1.8570989e-01
   5.7700363e-02
  -1.7438859e-01
   2.1848135e-01
  -2.7404324e-01
   4.6061851e-02
   8.4937801e-02
   1.5298076e-01
   3.5276988e-01
   8.1034055e-01
   8.1434339e-01
   7.8938563e-01
   7.3014090e-01
   7.8783630e-01
   7.8253062e-01
  -8.4646131e-03
  -8.4427693e-01
  -9.7972797e-03
  -7.7408920e-02
  -9.5783255e-02
  -7.3259629e-02
   2.1304370e-02
  -1.6598041e-01
   5.7221034e-02
  -1.0204252e-01
  -3.9583967e-02
   1.5174290e-03
   5.9081416e-02
  -1.4641022e-01
  -2.1309069e-01
  -1.9791388e-01
   1.2526619e-01
  -2.1360283e-01
  -4.6969928e-02
  -7.6135670e-02
