  -2.6035619e-01
  -6.6595397e-01
  -1.4997220e-01
  -1.8304042e-01
  -2.9261860e-01
   8.0663701e-03
  -5.1505169e-02
   1.2218791e-01
  -2.0046660e-01
  -3.5733182e-02
  -7.5139329e-02
   9.1454733e-02
  -1.4434315e-02
   7.7025320e-04
  -1.6569357e-01
  -1.2447318e+00
  -1.4916461e-01
   1.9075620e-01
   7.6325583e-02
   4.3390706e-02
  -6.8778370e-02
  -6.6224836e-02
  -3.8661830e-02
   2.6088191e+00
  -1.7724219e-02
  -8.7642203e-01
   2.5798491e-01
   3.0262481e-01
  -6.2524540e-01
  -7.0798904e-01
  -8.2837351e-01
   1.3813571e-01
  -6.8145026e-02
   4.0644410e-01
   1.8528360e-01
  -5.0450067e-01
   2.3811970e+00
   4.5031573e-01
   1.5207897e-01
   2.3569951e-01
  -1.9932017e-01
   2.7258797e-01
   2.6838743e-01
  -9.3467054e-02
  -1.1051738e-01
  -2.4379321e-01
  -2.3761684e-01
  -2.2272338e-01
   1.1739233e-01
   6.5233175e-01
   7.7591869e-01
   1.0345034e+00
   8.2679765e-01
   1.1052086e+00
   1.0892580e+00
   8.7228450e-01
   3.1818064e-01
   3.1178187e-01
   8.0263433e-01
   1.0115762e+00
   1.0041247e+00
   1.0487865e+00
   1.0391743e+00
   1.0352949e+00
   1.0027422e+00
   1.0145953e+00
   1.0501328e+00
   1.0175234e+00
   9.1963946e-01
   8.8898261e-01
   8.8874903e-01
   8.7417781e-01
   1.1207229e+00
   9.4035935e-01
   8.8170592e-01
   8.6276872e-01
   9.4985987e-01
   5.2182592e-01
   1.9994744e-01
   5.6621220e-01
   2.6852368e-01
   5.6194661e-01
   3.6278798e-01
   5.7018821e-01
   3.2987722e-01
   4.6127971e-01
   3.6959548e-01
   6.1564215e-01
   9.0079933e-01
   9.1591535e-01
   9.9781522e-01
   9.9107992e-01
   1.0470998e+00
   1.0005734e+00
   8.5432281e-01
   9.3533055e-01
   9.6074803e-01
   9.1570644e-01
   9.4119677e-01
   9.7836287e-01
   9.4854670e-01
   3.2850933e-01
   4.2151671e-01
   2.9976082e-01
   3.5208814e-01
   3.3025998e-01
   1.9107661e-01
   3.1043420e-01
