   1.1881197e-01
   6.2632361e-01
   5.6619550e-01
   4.0861123e-01
   4.6462459e-01
   5.9505272e-01
   5.7554607e-01
   6.8445289e-01
   5.6856836e-01
   4.1629734e-01
   4.8112865e-01
   6.9573830e-01
   7.7262523e-01
   5.7440947e-01
   8.4316494e-01
   7.7662100e-01
   6.5529520e-01
   8.9332624e-01
   9.6034005e-01
   4.8432905e-01
   7.7463036e-01
   5.7171930e-01
   7.5921743e-01
   8.4945452e-01
  -9.6944133e-03
   4.9149520e-02
   1.5849493e-01
  -3.7633443e-01
   2.0922821e-01
  -9.8222340e-02
  -6.2838511e-01
  -3.2162919e-02
   4.2985245e-02
  -9.7387290e-02
  -5.5746029e-02
  -7.5110541e-01
  -3.1878803e-02
   8.6683272e-02
  -1.4284116e+00
  -4.4807260e-02
  -6.9647880e-01
  -2.3068095e-02
   1.9878645e-01
  -1.0714513e-02
   6.6569704e-02
