   7.8400638e-01
   7.3700710e-01
   6.5174364e-01
   9.0148042e-01
   8.2740602e-01
   7.7056654e-01
   8.6865947e-01
   7.3411521e-01
   7.8733584e-01
   6.8989000e-01
   9.0135944e-01
   1.5339128e-01
  -1.4085245e-01
  -2.3132458e-01
   1.8194327e-01
   7.0770948e-03
   9.9003224e-02
   3.5252175e-02
   9.3106434e-02
  -1.5349914e-01
   1.8973240e-02
  -4.6963377e-01
   9.4051199e-02
  -3.2178086e-03
  -8.5035076e-02
   7.6442176e-02
   2.9871625e-02
   8.9263388e-02
  -1.2918273e-03
   2.8169988e-01
   1.4635412e-01
   6.9353061e-02
   1.4754494e-02
   1.6593034e-01
   2.0016132e-01
   1.3628263e-01
   1.4686460e-04
  -7.9022561e-02
   9.3140652e-03
   2.1925959e-01
   1.2986741e-01
   9.8848614e-02
   9.3705906e-02
  -6.0190278e-02
   3.9842308e-02
   1.0937574e-01
   9.2530035e-02
   2.0399053e-01
   6.3612562e-03
  -1.0176217e-02
  -3.4522191e-01
   2.1916085e-01
  -4.1854658e-03
   8.3152756e-02
   2.5440857e-01
   1.1557685e-01
  -2.4663598e-02
  -4.7668198e-02
  -1.2127090e-01
   1.1129188e-01
  -1.0385563e-01
  -3.2203049e-01
   1.0884120e-01
   1.5816271e-01
  -5.7139274e-02
   1.6837730e-01
   1.8104311e-02
   1.7311167e-01
