   7.2150276e-01
   7.2128316e-01
   6.8227259e-01
   9.2045138e-01
   8.8292832e-01
   7.4957253e-01
   7.7364365e-01
   8.3541020e-01
   9.6280340e-01
   7.9960274e-01
   9.8532626e-01
   7.3566881e-01
   7.8292361e-01
   8.5694549e-01
   8.8541503e-01
   8.4183974e-01
   7.8892416e-01
   6.9738510e-01
   7.8388552e-01
   6.4377431e-01
   8.6219342e-01
   7.8043248e-01
   6.0563288e-01
   7.7835616e-01
   1.0066245e+00
   8.2834989e-01
   8.6206983e-01
   8.0610000e-01
   8.5686961e-01
   5.2966827e-01
