   5.4663669e-01
   4.8804528e-01
   2.7451515e-01
   2.4258791e-01
  -5.7866561e-02
   3.1564265e-01
   2.6225245e-01
   3.1669980e-01
   6.2624484e-01
   3.2354760e-01
   8.3640130e-02
   4.8349419e-02
   5.3702693e-01
   6.0700248e-01
   5.0846122e-02
   2.3358362e-01
   3.4733306e-01
  -6.1694820e-01
   3.6689281e-02
   3.0810630e-02
  -1.1300489e-01
   1.0800533e+00
   1.1516180e+00
  -5.5220525e-02
  -4.6687902e-02
   9.0043879e-01
   5.2366451e-01
   1.1042542e+00
   9.8687771e-01
   6.2180378e-01
   9.0225556e-01
   9.7011148e-01
   1.9496071e-01
   7.5923799e-01
   7.3677980e-01
  -2.5978229e-01
  -2.5119387e-02
   6.8992591e-02
   1.5413791e-01
  -7.1006422e-02
   8.5272325e-02
  -4.0431188e-02
  -2.4000821e-01
   3.9389591e-02
   3.1140642e-02
   6.7813697e-02
   3.8947522e-03
  -1.4773730e-01
   7.5161689e-02
  -4.5110392e-02
   7.6686812e-02
   1.3904246e-01
  -6.0595533e-02
  -6.4143853e-02
  -8.1286518e-02
   3.9340025e-02
   2.0124330e-02
   1.3498456e-01
   1.0448068e-01
  -2.3553431e-01
  -3.9000596e-01
  -1.0975657e-01
   9.8026095e-02
   1.0693612e-01
   1.3193719e-01
   7.5453563e-03
   4.2695240e-02
  -8.0851077e-02
  -1.6006574e-01
   6.2063274e-02
  -4.6187552e-03
  -1.1164367e-01
   8.3716335e-02
  -1.3087217e-02
   1.7635442e-02
   7.9106396e-02
   1.1058820e-01
   1.4859438e-01
  -4.0539764e-02
   6.4832753e-02
   3.9647608e-02
   1.5079897e-01
   1.9417736e-02
   3.9182016e-02
   8.2097112e-02
   8.4327725e-02
  -3.4003428e-02
   1.9352966e-01
  -7.5499582e-02
   1.1952856e-02
   1.9194740e-01
   3.1152272e-02
   8.9305179e-02
   9.4345732e-02
   1.0812947e-01
   1.8513558e-01
  -1.6656592e-01
   5.1238102e-02
   8.0405787e-03
  -1.3151334e-01
   1.1256743e-01
   3.4589390e-02
   7.7676173e-02
   1.3084821e-02
   3.2049675e-02
  -7.5506991e-03
   1.1050132e-02
   6.1457117e-02
   5.8170396e-01
   2.5638913e-01
   1.0362466e-01
  -4.3409586e-02
  -1.1060501e-02
   9.3619350e-02
  -1.0976957e-01
   3.4242148e-02
   6.5217841e-02
   3.5993627e-02
  -1.4660720e-01
   9.5824197e-02
  -2.1908857e-01
  -1.1224845e-02
   9.5067238e-02
  -3.4296221e-01
  -4.1847722e-02
