   7.7630610e-01
   5.0795069e-01
   3.1271405e-01
   9.7095696e-01
   1.1211125e+00
   1.5017564e+00
   1.6964649e+00
   1.8293069e+00
   1.1286726e+00
   1.3347873e+00
   9.7455478e-01
   9.9706018e-01
   7.0939560e-02
   1.8659496e-01
  -3.3689505e-01
   1.1020934e+00
   1.2508045e+00
   1.0013346e+00
   1.3320708e+00
   1.2182438e+00
   1.0333482e+00
   9.5552087e-01
   1.1132738e+00
  -2.9502389e-01
   5.4357624e-01
   1.4621512e-01
   2.2796222e-01
   2.2806065e-01
   2.3882551e-01
   1.3991875e-01
   7.4811335e-01
   1.2222400e+00
   9.4588922e-01
   1.3409016e+00
   1.2063427e+00
   7.3441282e-01
   5.4735167e-01
   5.2919008e-01
   9.8518104e-01
   8.5699670e-01
   8.1552074e-01
   8.5068552e-01
