   1.4706742e-01
   3.4017769e-01
   1.9182859e-01
   1.5739778e-01
   2.0689811e-01
   1.9148631e-01
   3.0891587e-01
   2.6186991e-01
   9.2464854e-03
  -5.8241311e-02
   1.0769395e-01
  -2.0091388e-01
  -1.7664860e-01
   4.7533964e-01
   3.6166693e-01
   3.3056644e-01
   3.4794033e-01
   5.8465370e-01
   5.6215487e-01
   5.2795245e-01
   5.2883703e-01
   7.0389961e-01
   5.1744941e-01
   5.9578574e-01
   4.6220495e-01
   5.5666837e-01
   5.8027121e-01
   5.9428476e-01
   6.8573786e-01
   1.0352159e+00
   8.3527893e-01
   8.9170775e-01
   7.9780791e-01
   8.0003907e-01
   6.3412142e-01
   6.6798154e-01
   6.4593608e-01
   1.1242282e+00
   8.0917785e-01
   8.5720305e-01
   9.3133244e-01
   9.9174004e-01
   9.1797639e-01
   1.0669521e+00
   6.9519901e-01
   6.6827328e-01
   7.0490833e-01
   7.9251152e-01
   8.5801039e-01
   9.1786536e-01
   9.2232576e-01
   9.6567085e-01
   8.5133923e-01
   7.5053844e-01
   9.5543256e-01
   8.2111234e-01
   9.7774113e-01
   8.1956856e-01
   7.4322169e-01
   8.1176784e-01
   7.8849367e-01
   8.1233637e-01
   8.2600435e-01
   8.6710428e-01
