   2.2275955e-01
   2.9644032e-01
   1.2747643e-01
   1.6771336e-01
   2.1622637e-01
   2.5605729e-01
   1.0630198e-01
   7.7180833e-02
   1.3750815e-01
   2.3444004e-03
  -9.5418743e-02
   9.8853082e-03
  -6.6585309e-02
  -1.1678691e-01
   7.9721092e-02
   9.0376593e-02
  -8.9054298e-01
   1.0041623e-01
   1.9630262e-02
   1.5319426e-01
  -1.7667748e-03
   6.8105366e-01
   8.5885356e-01
   1.0178471e+00
  -9.9650851e-02
   4.5015326e-01
   2.6168097e-01
   3.6750896e-01
   1.1323848e-01
  -1.6119844e-01
  -2.0411355e-01
   1.4200132e-01
   4.2662125e-01
   5.2994667e-01
   1.6221859e-01
   7.7195987e-02
   2.8439811e-01
   8.1056501e-02
   9.3566527e-02
   5.5262606e-01
   5.6767094e-01
   3.4055880e-01
   1.2651812e-01
   4.8574336e-02
   5.2889379e-02
   4.8787127e-01
   8.3405593e-01
   9.9074467e-02
   4.8941706e-01
   4.7976658e-01
   2.9964964e-01
  -1.8674526e-01
   1.9173252e-01
  -4.0151056e-03
   7.4030752e-02
  -4.9269522e-02
   1.8585705e-01
  -4.2940602e-02
   1.9235438e-01
   8.2620423e-02
  -1.6079391e-02
   1.2480856e-01
   2.6978558e-01
   9.9402992e-02
   4.2827892e-01
   9.3235011e-01
   6.5048683e-01
   6.8451359e-01
  -1.4838088e-01
   1.5597455e-01
  -7.5932982e-02
  -1.2052685e-01
  -4.1261307e-02
   5.6121689e-02
  -8.1222188e-02
   1.2471630e+00
   8.0600376e-01
   4.1244463e-01
   7.2434570e-01
   7.0106179e-01
   4.6353891e-01
   7.8182175e-01
   8.0707262e-01
   1.2740762e-01
   9.7440875e-02
   1.5682758e-03
   9.1656403e-01
   6.4414619e-01
   8.1458702e-01
   8.1409830e-01
   1.1630447e+00
   6.4569092e-01
   6.0537493e-01
   5.8853295e-01
   7.2981805e-01
   8.5684562e-01
   5.5975147e-01
   9.2896430e-01
   7.9372230e-01
   7.1379578e-01
   6.8600771e-01
   1.4250415e-01
   3.1628763e-01
   1.1898317e-01
  -1.3017933e-02
  -7.2897690e-01
   2.3355216e-01
   2.3198450e-01
   1.7204873e-01
   1.4004977e-01
   4.4629701e-01
   2.3674104e-01
   2.6474489e-02
   4.1525308e-02
   2.0934566e-01
  -6.3490358e-03
   2.2031683e-01
   1.9985078e-01
   1.0518712e-02
  -2.4079031e-01
   1.8223727e-01
   1.4492946e-01
   2.2104720e-01
   1.0899847e-01
   1.1816591e-01
  -1.0406344e-01
   5.0270650e-03
  -5.7527933e-04
  -4.3372097e-01
   9.1668490e-02
   1.4123379e-01
  -1.2498225e-02
   3.7923669e-02
   1.9489910e-01
   1.5763758e-01
  -1.4012737e-01
   2.4008933e-01
   4.4808103e-01
   4.0888226e-01
   3.5743813e-01
   4.6105959e-01
   3.3210976e-01
   2.8821832e-01
  -4.5543861e-02
   5.5170123e-01
   1.2840808e-01
   4.2885347e-01
   2.7477554e-01
   2.7615051e-01
   4.1850048e-01
   5.1631246e-01
   4.9804849e-01
   2.8982252e-01
   1.8773524e-01
   4.9426308e-01
   3.2974543e-01
   1.4677552e-01
   1.7893583e-01
  -8.7615016e-02
   2.4995059e-01
   3.4504820e-01
   4.9905006e-01
   4.7294790e-01
   5.6624719e-01
   4.2847142e-01
   3.0718135e-01
   1.0140237e-01
   2.5270724e-01
   1.2431865e-01
   2.3835287e-01
   2.7889677e-01
   3.0755550e-01
  -5.6908468e-02
   6.2800886e-01
   3.8918519e-01
   2.1696785e-01
  -2.0055859e-01
   5.4521011e-01
   4.9795337e-01
  -7.5681003e-02
   3.9406856e-01
   5.6748314e-01
   5.7284000e-01
   3.1054280e-01
   2.0142094e-01
   3.6471659e-01
   5.7123958e-01
   3.2372556e-01
   5.5246367e-01
   1.5378591e-01
   4.4272703e-01
  -1.7986261e-01
  -2.8463568e-01
   3.2715372e-01
   3.6778057e-01
   6.1669305e-01
   1.3174800e-01
   1.5009339e-01
   1.7745281e-01
   2.7840440e-01
