   3.3913757e-02
   3.7537357e-01
   1.8079591e-01
  -1.3730394e-01
   1.6628166e-01
   1.5867112e-01
  -3.8856172e-02
   2.4370331e-01
  -1.8248253e-02
  -1.1472689e-01
  -9.2163546e-02
  -7.5838371e-01
  -5.0200594e-01
   1.3086974e-01
  -2.3599155e-02
   2.9063454e-02
  -3.1877983e-02
   1.2881619e-01
   2.1129010e-01
   1.0161674e-01
   1.2961040e-01
   4.1786280e-02
  -8.6201202e-01
   7.1118836e-02
  -4.2724773e-01
   1.5679908e-01
  -1.4580045e-01
   2.2049943e-01
  -2.2331572e-01
   2.2669571e-01
   1.5130521e-01
   1.4746291e-01
  -7.5476999e-03
   3.2509529e-01
  -3.2165690e-01
   1.6261012e-01
   1.9793613e-01
   3.2412029e-01
  -6.2006002e-02
   8.1002067e-02
   1.7301170e-02
  -5.3878164e-01
   2.6225219e-02
  -1.2885811e+00
   2.1759081e-01
  -4.5098991e-02
  -1.4142652e-01
   9.2737258e-02
  -1.2972032e-01
   2.0843060e-01
   3.4702573e-02
   3.3732998e-01
   1.2625560e-01
   2.3884527e-01
   1.3588372e-01
   4.3652483e-02
   1.3535309e+00
   7.4539347e-01
   5.7805217e-01
   1.1689734e+00
   5.8008439e-01
   4.0569771e-04
   2.9578721e-01
   3.3105551e-01
   7.2079248e-01
  -1.7597746e-01
  -9.1150657e-02
   7.9915908e-02
   1.0003297e+00
   1.0096018e-01
