   6.8416444e-01
   6.3493506e-01
   7.6001573e-01
   9.0128936e-01
   8.4680335e-01
   8.1303371e-01
   7.8653903e-01
   7.7683984e-01
   6.1410141e-01
   8.1105709e-01
   7.2086707e-01
  -3.9617048e-01
  -3.8865158e-02
  -5.5375373e-01
  -4.3785206e-01
  -2.0650240e-01
   1.1621105e-01
  -1.4818978e-01
  -3.2376483e-01
  -1.8326907e-01
  -4.5662217e-01
  -3.0284785e-01
  -8.2341873e-03
  -1.1548223e-01
   4.2685112e-02
  -3.3890159e-02
  -3.0841895e-01
   6.4109069e-02
  -3.4132339e-01
  -1.0602974e-01
  -2.3001236e-01
   1.0787621e-01
   7.5342518e-02
   5.8617909e-02
   8.2019549e-02
  -1.6654393e-02
  -1.3962881e-01
  -1.6069611e-01
   1.7468897e-01
   2.3976379e-01
   9.6924039e-02
  -3.2527931e-02
   2.9206793e-02
   1.7675365e-01
  -1.3784959e-01
   1.1075834e-01
  -2.3883650e-01
   1.1845263e-01
  -2.4343799e-01
  -1.0904360e-01
  -1.3034190e-01
  -2.9557333e-01
  -1.7136113e-01
  -1.0040529e-01
   5.5231731e-02
   2.8968511e-01
  -5.0562059e-02
   8.0655266e-02
   2.2358800e-02
   6.0823310e-02
   3.1052575e-02
   1.6479999e-01
  -7.7316087e-02
  -1.5338978e-01
   6.7314690e-03
   7.5976091e-02
   1.1180129e-01
  -4.5810568e-03
   2.0474944e-02
  -7.1291916e-02
  -2.8518306e-02
   3.3201870e-02
  -2.8897327e-02
   1.2428711e-02
  -3.3405828e-02
  -1.4248026e-01
  -1.5460508e-01
  -7.8847549e-02
  -1.5048510e-01
  -1.1125471e-01
  -1.0880982e-01
  -2.4843355e-02
   1.4334243e-02
   6.2475710e-02
