  -8.1284891e-01
   5.1070942e-02
  -1.1782671e-01
  -4.1062614e-01
  -3.4778769e-01
   3.9103692e-01
   2.6414329e-01
  -6.3120636e-01
  -2.3936953e-01
   2.5626955e-01
   3.4778414e-02
  -2.9269933e-01
   2.3508287e-01
  -4.4080502e-01
   7.4771512e-02
   2.2835874e-01
   4.1568749e-01
   9.6072271e-01
   8.2663800e-01
   1.3131521e+00
   7.5282205e-01
   8.5832994e-01
   5.3651215e-01
   8.9092105e-01
   8.5443938e-01
   8.3835647e-01
   5.9841490e-01
   7.0978174e-01
   9.9211412e-01
   5.6215755e-01
