   7.3406594e-01
   7.1478469e-01
   7.4930666e-01
   8.1574164e-01
   7.9477582e-01
   6.6142562e-01
   7.1324796e-01
   7.6547195e-01
   7.1134563e-01
   8.7711252e-01
   8.6497506e-01
   6.7751295e-01
   4.1274073e-01
   5.5519015e-01
   6.7418007e-01
   8.9539621e-01
   8.2383289e-01
   9.0222705e-01
   9.0304857e-01
   8.9771555e-01
   8.3740250e-01
   8.3917969e-01
   9.2041329e-01
   9.0616175e-01
   8.8000922e-01
   9.2842401e-01
   1.0651255e+00
   8.7849222e-01
   9.3153890e-01
   9.1284397e-01
   9.2531509e-01
   9.5398034e-01
   9.3124380e-01
   9.3446007e-01
   9.3005347e-01
   9.3003176e-01
   8.6544735e-01
   9.1705106e-01
   1.0397322e+00
   9.0989158e-01
   9.4539014e-01
   8.7954200e-01
   9.2069771e-01
   8.6634992e-01
   9.0875323e-01
   9.6475252e-01
   9.3938037e-01
   8.6840211e-01
   8.9843621e-01
   9.5944421e-01
   7.7937397e-01
   8.2701608e-01
   7.7466116e-01
   6.6050368e-01
   8.0425616e-01
   4.9257546e-01
   3.7969616e-01
   7.8268438e-01
